1
3,5,9,17,33,65,129,257,513,1025,2049,2
7,13,25,49,97,193,385,769,1537,3073,2050,4
11,21,41,81,161,321,641,1281,2561,1026,2051,6
15,29,57,113,225,449,897,1793,3585,3074,2052,8
19,37,73,145,289,577,1153,2305,514,1027,2053,10
23,45,89,177,353,705,1409,2817,1538,3075,2054,12
27,53,105,209,417,833,1665,3329,2562,1028,2055,14
31,61,121,241,481,961,1921,3841,3586,3076,2056,16
35,69,137,273,545,1089,2177,258,515,1029,2057,18
39,77,153,305,609,1217,2433,770,1539,3077,2058,20
43,85,169,337,673,1345,2689,1282,2563,1030,2059,22
47,93,185,369,737,1473,2945,1794,3587,3078,2060,24
51,101,201,401,801,1601,3201,2306,516,1031,2061,26
55,109,217,433,865,1729,3457,2818,1540,3079,2062,28
59,117,233,465,929,1857,3713,3330,2564,1032,2063,30
63,125,249,497,993,1985,3969,3842,3588,3080,2064,32
67,133,265,529,1057,2113,130,259,517,1033,2065,34
71,141,281,561,1121,2241,386,771,1541,3081,2066,36
75,149,297,593,1185,2369,642,1283,2565,1034,2067,38
79,157,313,625,1249,2497,898,1795,3589,3082,2068,40
83,165,329,657,1313,2625,1154,2307,518,1035,2069,42
87,173,345,689,1377,2753,1410,2819,1542,3083,2070,44
91,181,361,721,1441,2881,1666,3331,2566,1036,2071,46
95,189,377,753,1505,3009,1922,3843,3590,3084,2072,48
99,197,393,785,1569,3137,2178,260,519,1037,2073,50
103,205,409,817,1633,3265,2434,772,1543,3085,2074,52
107,213,425,849,1697,3393,2690,1284,2567,1038,2075,54
111,221,441,881,1761,3521,2946,1796,3591,3086,2076,56
115,229,457,913,1825,3649,3202,2308,520,1039,2077,58
119,237,473,945,1889,3777,3458,2820,1544,3087,2078,60
123,245,489,977,1953,3905,3714,3332,2568,1040,2079,62
127,253,505,1009,2017,4033,3970,3844,3592,3088,2080,64
131,261,521,1041,2081,66
135,269,537,1073,2145,194,387,773,1545,3089,2082,68
139,277,553,1105,2209,322,643,1285,2569,1042,2083,70
143,285,569,1137,2273,450,899,1797,3593,3090,2084,72
147,293,585,1169,2337,578,1155,2309,522,1043,2085,74
151,301,601,1201,2401,706,1411,2821,1546,3091,2086,76
155,309,617,1233,2465,834,1667,3333,2570,1044,2087,78
159,317,633,1265,2529,962,1923,3845,3594,3092,2088,80
163,325,649,1297,2593,1090,2179,262,523,1045,2089,82
167,333,665,1329,2657,1218,2435,774,1547,3093,2090,84
171,341,681,1361,2721,1346,2691,1286,2571,1046,2091,86
175,349,697,1393,2785,1474,2947,1798,3595,3094,2092,88
179,357,713,1425,2849,1602,3203,2310,524,1047,2093,90
183,365,729,1457,2913,1730,3459,2822,1548,3095,2094,92
187,373,745,1489,2977,1858,3715,3334,2572,1048,2095,94
191,381,761,1521,3041,1986,3971,3846,3596,3096,2096,96
195,389,777,1553,3105,2114,132,263,525,1049,2097,98
199,397,793,1585,3169,2242,388,775,1549,3097,2098,100
203,405,809,1617,3233,2370,644,1287,2573,1050,2099,102
207,413,825,1649,3297,2498,900,1799,3597,3098,2100,104
211,421,841,1681,3361,2626,1156,2311,526,1051,2101,106
215,429,857,1713,3425,2754,1412,2823,1550,3099,2102,108
219,437,873,1745,3489,2882,1668,3335,2574,1052,2103,110
223,445,889,1777,3553,3010,1924,3847,3598,3100,2104,112
227,453,905,1809,3617,3138,2180,264,527,1053,2105,114
231,461,921,1841,3681,3266,2436,776,1551,3101,2106,116
235,469,937,1873,3745,3394,2692,1288,2575,1054,2107,118
239,477,953,1905,3809,3522,2948,1800,3599,3102,2108,120
243,485,969,1937,3873,3650,3204,2312,528,1055,2109,122
247,493,985,1969,3937,3778,3460,2824,1552,3103,2110,124
251,501,1001,2001,4001,3906,3716,3336,2576,1056,2111,126
255,509,1017,2033,4065,4034,3972,3848,3600,3104,2112,128
267,533,1065,2129,162,323,645,1289,2577,1058,2115,134
271,541,1081,2161,226,451,901,1801,3601,3106,2116,136
275,549,1097,2193,290,579,1157,2313,530,1059,2117,138
279,557,1113,2225,354,707,1413,2825,1554,3107,2118,140
283,565,1129,2257,418,835,1669,3337,2578,1060,2119,142
287,573,1145,2289,482,963,1925,3849,3602,3108,2120,144
291,581,1161,2321,546,1091,2181,266,531,1061,2121,146
295,589,1177,2353,610,1219,2437,778,1555,3109,2122,148
299,597,1193,2385,674,1347,2693,1290,2579,1062,2123,150
303,605,1209,2417,738,1475,2949,1802,3603,3110,2124,152
307,613,1225,2449,802,1603,3205,2314,532,1063,2125,154
311,621,1241,2481,866,1731,3461,2826,1556,3111,2126,156
315,629,1257,2513,930,1859,3717,3338,2580,1064,2127,158
319,637,1273,2545,994,1987,3973,3850,3604,3112,2128,160
327,653,1305,2609,1122,2243,390,779,1557,3113,2130,164
331,661,1321,2641,1186,2371,646,1291,2581,1066,2131,166
335,669,1337,2673,1250,2499,902,1803,3605,3114,2132,168
339,677,1353,2705,1314,2627,1158,2315,534,1067,2133,170
343,685,1369,2737,1378,2755,1414,2827,1558,3115,2134,172
347,693,1385,2769,1442,2883,1670,3339,2582,1068,2135,174
351,701,1401,2801,1506,3011,1926,3851,3606,3116,2136,176
355,709,1417,2833,1570,3139,2182,268,535,1069,2137,178
359,717,1433,2865,1634,3267,2438,780,1559,3117,2138,180
363,725,1449,2897,1698,3395,2694,1292,2583,1070,2139,182
367,733,1465,2929,1762,3523,2950,1804,3607,3118,2140,184
371,741,1481,2961,1826,3651,3206,2316,536,1071,2141,186
375,749,1497,2993,1890,3779,3462,2828,1560,3119,2142,188
379,757,1513,3025,1954,3907,3718,3340,2584,1072,2143,190
383,765,1529,3057,2018,4035,3974,3852,3608,3120,2144,192
391,781,1561,3121,2146,196
395,789,1577,3153,2210,324,647,1293,2585,1074,2147,198
399,797,1593,3185,2274,452,903,1805,3609,3122,2148,200
403,805,1609,3217,2338,580,1159,2317,538,1075,2149,202
407,813,1625,3249,2402,708,1415,2829,1562,3123,2150,204
411,821,1641,3281,2466,836,1671,3341,2586,1076,2151,206
415,829,1657,3313,2530,964,1927,3853,3610,3124,2152,208
419,837,1673,3345,2594,1092,2183,270,539,1077,2153,210
423,845,1689,3377,2658,1220,2439,782,1563,3125,2154,212
427,853,1705,3409,2722,1348,2695,1294,2587,1078,2155,214
431,861,1721,3441,2786,1476,2951,1806,3611,3126,2156,216
435,869,1737,3473,2850,1604,3207,2318,540,1079,2157,218
439,877,1753,3505,2914,1732,3463,2830,1564,3127,2158,220
443,885,1769,3537,2978,1860,3719,3342,2588,1080,2159,222
447,893,1785,3569,3042,1988,3975,3854,3612,3128,2160,224
455,909,1817,3633,3170,2244,392,783,1565,3129,2162,228
459,917,1833,3665,3234,2372,648,1295,2589,1082,2163,230
463,925,1849,3697,3298,2500,904,1807,3613,3130,2164,232
467,933,1865,3729,3362,2628,1160,2319,542,1083,2165,234
471,941,1881,3761,3426,2756,1416,2831,1566,3131,2166,236
475,949,1897,3793,3490,2884,1672,3343,2590,1084,2167,238
479,957,1913,3825,3554,3012,1928,3855,3614,3132,2168,240
483,965,1929,3857,3618,3140,2184,272,543,1085,2169,242
487,973,1945,3889,3682,3268,2440,784,1567,3133,2170,244
491,981,1961,3921,3746,3396,2696,1296,2591,1086,2171,246
495,989,1977,3953,3810,3524,2952,1808,3615,3134,2172,248
499,997,1993,3985,3874,3652,3208,2320,544,1087,2173,250
503,1005,2009,4017,3938,3780,3464,2832,1568,3135,2174,252
507,1013,2025,4049,4002,3908,3720,3344,2592,1088,2175,254
511,1021,2041,4081,4066,4036,3976,3856,3616,3136,2176,256
547,1093,2185,274
551,1101,2201,306,611,1221,2441,786,1571,3141,2186,276
555,1109,2217,338,675,1349,2697,1298,2595,1094,2187,278
559,1117,2233,370,739,1477,2953,1810,3619,3142,2188,280
563,1125,2249,402,803,1605,3209,2322,548,1095,2189,282
567,1133,2265,434,867,1733,3465,2834,1572,3143,2190,284
571,1141,2281,466,931,1861,3721,3346,2596,1096,2191,286
575,1149,2297,498,995,1989,3977,3858,3620,3144,2192,288
583,1165,2329,562,1123,2245,394,787,1573,3145,2194,292
587,1173,2345,594,1187,2373,650,1299,2597,1098,2195,294
591,1181,2361,626,1251,2501,906,1811,3621,3146,2196,296
595,1189,2377,658,1315,2629,1162,2323,550,1099,2197,298
599,1197,2393,690,1379,2757,1418,2835,1574,3147,2198,300
603,1205,2409,722,1443,2885,1674,3347,2598,1100,2199,302
607,1213,2425,754,1507,3013,1930,3859,3622,3148,2200,304
615,1229,2457,818,1635,3269,2442,788,1575,3149,2202,308
619,1237,2473,850,1699,3397,2698,1300,2599,1102,2203,310
623,1245,2489,882,1763,3525,2954,1812,3623,3150,2204,312
627,1253,2505,914,1827,3653,3210,2324,552,1103,2205,314
631,1261,2521,946,1891,3781,3466,2836,1576,3151,2206,316
635,1269,2537,978,1955,3909,3722,3348,2600,1104,2207,318
639,1277,2553,1010,2019,4037,3978,3860,3624,3152,2208,320
651,1301,2601,1106,2211,326
655,1309,2617,1138,2275,454,907,1813,3625,3154,2212,328
659,1317,2633,1170,2339,582,1163,2325,554,1107,2213,330
663,1325,2649,1202,2403,710,1419,2837,1578,3155,2214,332
667,1333,2665,1234,2467,838,1675,3349,2602,1108,2215,334
671,1341,2681,1266,2531,966,1931,3861,3626,3156,2216,336
679,1357,2713,1330,2659,1222,2443,790,1579,3157,2218,340
683,1365,2729,1362,2723,1350,2699,1302,2603,1110,2219,342
687,1373,2745,1394,2787,1478,2955,1814,3627,3158,2220,344
691,1381,2761,1426,2851,1606,3211,2326,556,1111,2221,346
695,1389,2777,1458,2915,1734,3467,2838,1580,3159,2222,348
699,1397,2793,1490,2979,1862,3723,3350,2604,1112,2223,350
703,1405,2809,1522,3043,1990,3979,3862,3628,3160,2224,352
711,1421,2841,1586,3171,2246,396,791,1581,3161,2226,356
715,1429,2857,1618,3235,2374,652,1303,2605,1114,2227,358
719,1437,2873,1650,3299,2502,908,1815,3629,3162,2228,360
723,1445,2889,1682,3363,2630,1164,2327,558,1115,2229,362
727,1453,2905,1714,3427,2758,1420,2839,1582,3163,2230,364
731,1461,2921,1746,3491,2886,1676,3351,2606,1116,2231,366
735,1469,2937,1778,3555,3014,1932,3863,3630,3164,2232,368
743,1485,2969,1842,3683,3270,2444,792,1583,3165,2234,372
747,1493,2985,1874,3747,3398,2700,1304,2607,1118,2235,374
751,1501,3001,1906,3811,3526,2956,1816,3631,3166,2236,376
755,1509,3017,1938,3875,3654,3212,2328,560,1119,2237,378
759,1517,3033,1970,3939,3782,3468,2840,1584,3167,2238,380
763,1525,3049,2002,4003,3910,3724,3352,2608,1120,2239,382
767,1533,3065,2034,4067,4038,3980,3864,3632,3168,2240,384
795,1589,3177,2258,420,839,1677,3353,2610,1124,2247,398
799,1597,3193,2290,484,967,1933,3865,3634,3172,2248,400
807,1613,3225,2354,612,1223,2445,794,1587,3173,2250,404
811,1621,3241,2386,676,1351,2701,1306,2611,1126,2251,406
815,1629,3257,2418,740,1479,2957,1818,3635,3174,2252,408
819,1637,3273,2450,804,1607,3213,2330,564,1127,2253,410
823,1645,3289,2482,868,1735,3469,2842,1588,3175,2254,412
827,1653,3305,2514,932,1863,3725,3354,2612,1128,2255,414
831,1661,3321,2546,996,1991,3981,3866,3636,3176,2256,416
843,1685,3369,2642,1188,2375,654,1307,2613,1130,2259,422
847,1693,3385,2674,1252,2503,910,1819,3637,3178,2260,424
851,1701,3401,2706,1316,2631,1166,2331,566,1131,2261,426
855,1709,3417,2738,1380,2759,1422,2843,1590,3179,2262,428
859,1717,3433,2770,1444,2887,1678,3355,2614,1132,2263,430
863,1725,3449,2802,1508,3015,1934,3867,3638,3180,2264,432
871,1741,3481,2866,1636,3271,2446,796,1591,3181,2266,436
875,1749,3497,2898,1700,3399,2702,1308,2615,1134,2267,438
879,1757,3513,2930,1764,3527,2958,1820,3639,3182,2268,440
883,1765,3529,2962,1828,3655,3214,2332,568,1135,2269,442
887,1773,3545,2994,1892,3783,3470,2844,1592,3183,2270,444
891,1781,3561,3026,1956,3911,3726,3356,2616,1136,2271,446
895,1789,3577,3058,2020,4039,3982,3868,3640,3184,2272,448
911,1821,3641,3186,2276,456
915,1829,3657,3218,2340,584,1167,2333,570,1139,2277,458
919,1837,3673,3250,2404,712,1423,2845,1594,3187,2278,460
923,1845,3689,3282,2468,840,1679,3357,2618,1140,2279,462
927,1853,3705,3314,2532,968,1935,3869,3642,3188,2280,464
935,1869,3737,3378,2660,1224,2447,798,1595,3189,2282,468
939,1877,3753,3410,2724,1352,2703,1310,2619,1142,2283,470
943,1885,3769,3442,2788,1480,2959,1822,3643,3190,2284,472
947,1893,3785,3474,2852,1608,3215,2334,572,1143,2285,474
951,1901,3801,3506,2916,1736,3471,2846,1596,3191,2286,476
955,1909,3817,3538,2980,1864,3727,3358,2620,1144,2287,478
959,1917,3833,3570,3044,1992,3983,3870,3644,3192,2288,480
971,1941,3881,3666,3236,2376,656,1311,2621,1146,2291,486
975,1949,3897,3698,3300,2504,912,1823,3645,3194,2292,488
979,1957,3913,3730,3364,2632,1168,2335,574,1147,2293,490
983,1965,3929,3762,3428,2760,1424,2847,1598,3195,2294,492
987,1973,3945,3794,3492,2888,1680,3359,2622,1148,2295,494
991,1981,3961,3826,3556,3016,1936,3871,3646,3196,2296,496
999,1997,3993,3890,3684,3272,2448,800,1599,3197,2298,500
1003,2005,4009,3922,3748,3400,2704,1312,2623,1150,2299,502
1007,2013,4025,3954,3812,3528,2960,1824,3647,3198,2300,504
1011,2021,4041,3986,3876,3656,3216,2336,576,1151,2301,506
1015,2029,4057,4018,3940,3784,3472,2848,1600,3199,2302,508
1019,2037,4073,4050,4004,3912,3728,3360,2624,1152,2303,510
1023,2045,4089,4082,4068,4040,3984,3872,3648,3200,2304,512
1171,2341,586
1175,2349,602,1203,2405,714,1427,2853,1610,3219,2342,588
1179,2357,618,1235,2469,842,1683,3365,2634,1172,2343,590
1183,2365,634,1267,2533,970,1939,3877,3658,3220,2344,592
1191,2381,666,1331,2661,1226,2451,806,1611,3221,2346,596
1195,2389,682,1363,2725,1354,2707,1318,2635,1174,2347,598
1199,2397,698,1395,2789,1482,2963,1830,3659,3222,2348,600
1207,2413,730,1459,2917,1738,3475,2854,1612,3223,2350,604
1211,2421,746,1491,2981,1866,3731,3366,2636,1176,2351,606
1215,2429,762,1523,3045,1994,3987,3878,3660,3224,2352,608
1227,2453,810,1619,3237,2378,660,1319,2637,1178,2355,614
1231,2461,826,1651,3301,2506,916,1831,3661,3226,2356,616
1239,2477,858,1715,3429,2762,1428,2855,1614,3227,2358,620
1243,2485,874,1747,3493,2890,1684,3367,2638,1180,2359,622
1247,2493,890,1779,3557,3018,1940,3879,3662,3228,2360,624
1255,2509,922,1843,3685,3274,2452,808,1615,3229,2362,628
1259,2517,938,1875,3749,3402,2708,1320,2639,1182,2363,630
1263,2525,954,1907,3813,3530,2964,1832,3663,3230,2364,632
1271,2541,986,1971,3941,3786,3476,2856,1616,3231,2366,636
1275,2549,1002,2003,4005,3914,3732,3368,2640,1184,2367,638
1279,2557,1018,2035,4069,4042,3988,3880,3664,3232,2368,640
1323,2645,1194,2387,678,1355,2709,1322,2643,1190,2379,662
1327,2653,1210,2419,742,1483,2965,1834,3667,3238,2380,664
1335,2669,1242,2483,870,1739,3477,2858,1620,3239,2382,668
1339,2677,1258,2515,934,1867,3733,3370,2644,1192,2383,670
1343,2685,1274,2547,998,1995,3989,3882,3668,3240,2384,672
1359,2717,1338,2675,1254,2507,918,1835,3669,3242,2388,680
1367,2733,1370,2739,1382,2763,1430,2859,1622,3243,2390,684
1371,2741,1386,2771,1446,2891,1686,3371,2646,1196,2391,686
1375,2749,1402,2803,1510,3019,1942,3883,3670,3244,2392,688
1383,2765,1434,2867,1638,3275,2454,812,1623,3245,2394,692
1387,2773,1450,2899,1702,3403,2710,1324,2647,1198,2395,694
1391,2781,1466,2931,1766,3531,2966,1836,3671,3246,2396,696
1399,2797,1498,2995,1894,3787,3478,2860,1624,3247,2398,700
1403,2805,1514,3027,1958,3915,3734,3372,2648,1200,2399,702
1407,2813,1530,3059,2022,4043,3990,3884,3672,3248,2400,704
1431,2861,1626,3251,2406,716
1435,2869,1642,3283,2470,844,1687,3373,2650,1204,2407,718
1439,2877,1658,3315,2534,972,1943,3885,3674,3252,2408,720
1447,2893,1690,3379,2662,1228,2455,814,1627,3253,2410,724
1451,2901,1706,3411,2726,1356,2711,1326,2651,1206,2411,726
1455,2909,1722,3443,2790,1484,2967,1838,3675,3254,2412,728
1463,2925,1754,3507,2918,1740,3479,2862,1628,3255,2414,732
1467,2933,1770,3539,2982,1868,3735,3374,2652,1208,2415,734
1471,2941,1786,3571,3046,1996,3991,3886,3676,3256,2416,736
1487,2973,1850,3699,3302,2508,920,1839,3677,3258,2420,744
1495,2989,1882,3763,3430,2764,1432,2863,1630,3259,2422,748
1499,2997,1898,3795,3494,2892,1688,3375,2654,1212,2423,750
1503,3005,1914,3827,3558,3020,1944,3887,3678,3260,2424,752
1511,3021,1946,3891,3686,3276,2456,816,1631,3261,2426,756
1515,3029,1962,3923,3750,3404,2712,1328,2655,1214,2427,758
1519,3037,1978,3955,3814,3532,2968,1840,3679,3262,2428,760
1527,3053,2010,4019,3942,3788,3480,2864,1632,3263,2430,764
1531,3061,2026,4051,4006,3916,3736,3376,2656,1216,2431,766
1535,3069,2042,4083,4070,4044,3992,3888,3680,3264,2432,768
1639,3277,2458,820
1643,3285,2474,852,1703,3405,2714,1332,2663,1230,2459,822
1647,3293,2490,884,1767,3533,2970,1844,3687,3278,2460,824
1655,3309,2522,948,1895,3789,3482,2868,1640,3279,2462,828
1659,3317,2538,980,1959,3917,3738,3380,2664,1232,2463,830
1663,3325,2554,1012,2023,4045,3994,3892,3688,3280,2464,832
1691,3381,2666,1236,2471,846
1695,3389,2682,1268,2535,974,1947,3893,3690,3284,2472,848
1707,3413,2730,1364,2727,1358,2715,1334,2667,1238,2475,854
1711,3421,2746,1396,2791,1486,2971,1846,3691,3286,2476,856
1719,3437,2778,1460,2919,1742,3483,2870,1644,3287,2478,860
1723,3445,2794,1492,2983,1870,3739,3382,2668,1240,2479,862
1727,3453,2810,1524,3047,1998,3995,3894,3692,3288,2480,864
1743,3485,2874,1652,3303,2510,924,1847,3693,3290,2484,872
1751,3501,2906,1716,3431,2766,1436,2871,1646,3291,2486,876
1755,3509,2922,1748,3495,2894,1692,3383,2670,1244,2487,878
1759,3517,2938,1780,3559,3022,1948,3895,3694,3292,2488,880
1771,3541,2986,1876,3751,3406,2716,1336,2671,1246,2491,886
1775,3549,3002,1908,3815,3534,2972,1848,3695,3294,2492,888
1783,3565,3034,1972,3943,3790,3484,2872,1648,3295,2494,892
1787,3573,3050,2004,4007,3918,3740,3384,2672,1248,2495,894
1791,3581,3066,2036,4071,4046,3996,3896,3696,3296,2496,896
1851,3701,3306,2516,936,1871,3741,3386,2676,1256,2511,926
1855,3709,3322,2548,1000,1999,3997,3898,3700,3304,2512,928
1879,3757,3418,2740,1384,2767,1438,2875,1654,3307,2518,940
1883,3765,3434,2772,1448,2895,1694,3387,2678,1260,2519,942
1887,3773,3450,2804,1512,3023,1950,3899,3702,3308,2520,944
1899,3797,3498,2900,1704,3407,2718,1340,2679,1262,2523,950
1903,3805,3514,2932,1768,3535,2974,1852,3703,3310,2524,952
1911,3821,3546,2996,1896,3791,3486,2876,1656,3311,2526,956
1915,3829,3562,3028,1960,3919,3742,3388,2680,1264,2527,958
1919,3837,3578,3060,2024,4047,3998,3900,3704,3312,2528,960
1951,3901,3706,3316,2536,976
1963,3925,3754,3412,2728,1360,2719,1342,2683,1270,2539,982
1967,3933,3770,3444,2792,1488,2975,1854,3707,3318,2540,984
1975,3949,3802,3508,2920,1744,3487,2878,1660,3319,2542,988
1979,3957,3818,3540,2984,1872,3743,3390,2684,1272,2543,990
1983,3965,3834,3572,3048,2000,3999,3902,3708,3320,2544,992
2007,4013,3930,3764,3432,2768,1440,2879,1662,3323,2550,1004
2011,4021,3946,3796,3496,2896,1696,3391,2686,1276,2551,1006
2015,4029,3962,3828,3560,3024,1952,3903,3710,3324,2552,1008
2027,4053,4010,3924,3752,3408,2720,1344,2687,1278,2555,1014
2031,4061,4026,3956,3816,3536,2976,1856,3711,3326,2556,1016
2039,4077,4058,4020,3944,3792,3488,2880,1664,3327,2558,1020
2043,4085,4074,4052,4008,3920,3744,3392,2688,1280,2559,1022
2047,4093,4090,4084,4072,4048,4000,3904,3712,3328,2560,1024
2731,1366
2735,1374,2747,1398,2795,1494,2987,1878,3755,3414,2732,1368
2743,1390,2779,1462,2923,1750,3499,2902,1708,3415,2734,1372
2751,1406,2811,1526,3051,2006,4011,3926,3756,3416,2736,1376
2775,1454,2907,1718,3435,2774,1452,2903,1710,3419,2742,1388
2783,1470,2939,1782,3563,3030,1964,3927,3758,3420,2744,1392
2799,1502,3003,1910,3819,3542,2988,1880,3759,3422,2748,1400
2807,1518,3035,1974,3947,3798,3500,2904,1712,3423,2750,1404
2815,1534,3067,2038,4075,4054,4012,3928,3760,3424,2752,1408
2911,1726,3451,2806,1516,3031,1966,3931,3766,3436,2776,1456
2927,1758,3515,2934,1772,3543,2990,1884,3767,3438,2780,1464
2935,1774,3547,2998,1900,3799,3502,2908,1720,3439,2782,1468
2943,1790,3579,3062,2028,4055,4014,3932,3768,3440,2784,1472
2991,1886,3771,3446,2796,1496
2999,1902,3803,3510,2924,1752,3503,2910,1724,3447,2798,1500
3007,1918,3835,3574,3052,2008,4015,3934,3772,3448,2800,1504
3039,1982,3963,3830,3564,3032,1968,3935,3774,3452,2808,1520
3055,2014,4027,3958,3820,3544,2992,1888,3775,3454,2812,1528
3063,2030,4059,4022,3948,3800,3504,2912,1728,3455,2814,1532
3071,2046,4091,4086,4076,4056,4016,3936,3776,3456,2816,1536
3511,2926,1756
3519,2942,1788,3575,3054,2012,4023,3950,3804,3512,2928,1760
3551,3006,1916,3831,3566,3036,1976,3951,3806,3516,2936,1776
3567,3038,1980,3959,3822,3548,3000,1904,3807,3518,2940,1784
3583,3070,2044,4087,4078,4060,4024,3952,3808,3520,2944,1792
3823,3550,3004,1912
3839,3582,3068,2040,4079,4062,4028,3960,3824,3552,3008,1920
3967,3838,3580,3064,2032,4063,4030,3964,3832,3568,3040,1984
4031,3966,3836,3576,3056,2016
4095,4094,4092,4088,4080,4064,4032,3968,3840,3584,3072,2048
4096
