0.014070933090469803	0.048263104300965885
-0.0014214055450286352	0.011570713995162595
0.02685043049604618	0.023285838530510562
0.008041445442538748	-0.005749648240029797
-0.01909092783292798	-0.015447195604042464
0.0278437585401708	0.029791133569266142
0.037994865605023145	0.012524683252091141
-0.0390468260401786	0.01528618820291333
0.03750344268614005	-0.04540913009359673
-0.015534474617032825	0.03969953937401705
0.025099963320539535	0.025671451628041412
0.02695943350188352	0.024587157614146586
-0.0051187440914226235	-0.030317805484442184
0.01360742277533485	0.03182614603672228
-0.02313254696319474	0.003170089030152262
0.008900905435166901	-0.009983736284313156
0.0021922460554663213	0.005881540652287955
0.004242215612645217	-0.03284359909388735
0.018683904004957338	0.02736830945581734
-0.004052046187255344	-0.048718305472641964
0.0024301514620240524	-0.03261501656157869
0.0142957966381282	-0.00017553855320940175
-0.04121734294048165	0.022282388376384646
0.017537861071547447	0.01906482255110839
-0.060843178631780834	0.008449847557613785
0.027259631043887518	-0.003735806564646443
-0.0017084125360444565	-0.009477471451863652
-0.026457523771184478	-0.048692614678952806
-0.0072465593693816594	0.009666554118479031
0.032264049522056575	0.03846477265223576
-0.012328941056737692	-0.06797081518183185
0.006200042392185385	-0.001678772459187217
0.04094464909814947	-0.002787989091225356
0.010439001493293031	0.006341352999721798
0.019042261465109397	0.01907708087431865
0.010514586474659388	0.04747948759754319
0.013036273399856153	-0.02817948318256108
0.041519412105601936	0.012110211187952323
0.000609234604211809	-0.027459756089283173
-0.0353832703156912	0.01692367256861912
0.023438199937277575	0.06761838789185501
-0.002720996315971091	0.02889948636424054
-0.013177531657153385	-0.011435948951822544
0.005240409991764334	0.04211307816438185
0.01771129609223096	0.008847154907288152
0.02438109904228374	-0.01204381297080805
0.000021375828302133802	-0.009873465993958904
0.002343837475479609	0.019059378145319165
-0.01966151274408488	-0.008172944636909072
0.024456901866646456	0.007228103341979244
-0.037743937143241146	-0.011417230460475481
0.020692945408733378	-0.006297060206245048
-0.0021705780278146137	0.021888220978293665
-0.03378416589725633	0.021744896937116863
0.018098658524272643	0.007534497372345384
0.013919466342431455	0.015850710410774904
0.03171909169076094	0.026053735707863547
-0.005413364223152557	-0.007872341757878543
0.027228896046157396	0.007988148974797032
0.005914144267889069	-0.006515345188127785
0.049957143856988254	-0.006551458723378613
0.005052959854821119	0.03186169690157938
0.00984480445720679	0.0029983093075614054
0.02262287565887195	0.0025560094914206014
0.0046495472609665986	-0.02271872631813382
-0.01862234302285241	0.03229000795627576
0.018644585906373065	0.008604025867929535
0.03215905302281703	-0.004711162808161448
-0.025715677739609876	0.0015128913525599833
0.023763072399017687	-0.01386293703620415
0.010782233893860097	0.026556220921306172
-0.022388641215168852	-0.053898908531625905
0.01715619049738431	-0.005698783487953486
0.042792546836682946	0.03091018124015729
0.0013286420678153281	-0.021385444622740224
-0.004119998754353303	0.01723858800350957
-0.025816964129684147	-0.018333565391951596
0.002983228284217581	-0.0033092443508850686
0.04104625592556918	0.02037535324565937
-0.007551012267535487	0.022788443773959107
-0.022874713048366087	0.03116654528875479
0.016696826968213136	0.02017435511381803
-0.008181630606034667	-0.005838181397185733
-0.009773069160895754	0.0003678387246861732
0.03290885850060684	-0.006072964919154545
0.01511333841148073	-0.024040089922232073
-0.006495201786505868	-0.013773267415246367
0.04503958908673061	-0.013663585595915548
0.0039635453991290915	-0.011526406440253186
0.014402855988260813	0.02984427535420602
-0.016549111448946142	-0.023807686633257163
-0.027268077869429534	-0.003215848002155914
0.011039097434366981	0.01847722836018101
-0.0418559794985525	0.017419138872703663
-0.01607566354987353	-0.03135179768361224
0.0007562089699566302	0.012178176481033628
-0.020931831125519915	0.0062810972201027835
0.01898597053082498	0.000534103632173355
0.011398657284577077	-0.004544755445117015
0.03087681016979807	0.002290546076476464
0.002484461609665342	0.002948605042773381
0.019706381603857768	0.008143800312204614
0.021988375619456962	0.029982472793784503
-0.01831448194856941	-0.04379015076933504
-0.0009084894760659346	-0.051405528340133295
-0.015919900837846123	0.009219274607772356
-0.05030717610687321	-0.03757272347046352
-0.01902816448906291	0.01037670518945942
0.026945652320170103	-0.01943027454281268
-0.0006381569913113826	0.025242682224905576
-0.0068524151954482285	0.04948984218917903
-0.008442744517649071	-0.012264275622277877
0.03741712895168481	-0.008329705530264677
-0.02343295467597343	0.0273621109079124
-0.015434156480600836	-0.022092766201073172
0.016610027627239798	0.0009153928632844908
0.013975693364821505	-0.010555881528345268
-0.03703461143537005	-0.02301369035637066
-0.0007354841806727444	-0.013751820901980643
-0.02264196237993497	0.016889954117012954
-0.002449707927035889	0.02299809457080423
0.013768103783861991	0.00015607497992228668
0.015718341996221043	-0.0034895713272550836
-0.021965437156849954	-0.013568555286472777
0.020581796322628947	0.01705520556670736
0.037818376469910785	-0.001744920693260143
0.009111244151257882	-0.02360106813302981
-0.011131231989818404	0.01883427809970775
-0.030990511862468147	0.0123883988241649
-0.02852263334087571	-0.018168842067428227
-0.023118073174129915	-0.0075173625563256085
0.06397576321607192	0.0006413504628255015
-0.027077141031955094	-0.00506557779606186
0.007957188681390668	-0.0196514535401295
-0.002109874524120752	0.013109191274360995
0.007549115401704584	-0.021135327728481104
0.045498958630571996	0.0032169228425270317
-0.07547993643658898	-0.03059224434422852
-0.021088736875049256	0.00035838523150794857
-0.02181033125519912	0.022280648750144304
-0.015586992402814873	0.022267289220750462
0.02486266399618818	0.057311209542602264
-0.014383263202824148	0.012430180665803602
-0.018786488033079907	0.01892085074565801
-0.008992980178137508	0.025207158315483175
-0.03728372938083578	-0.03551808844686859
0.024409660682935857	-0.03977551447201634
-0.029145630434773837	-0.018291737993707393
-0.013467912252555796	0.01122543248860654
-0.0022355152261541627	-0.02381796546810976
-0.020330656883906083	0.01608819723905134
0.0007390370542504566	-0.011322041174164991
-0.004501945583016419	0.03373405076386294
-0.018328653203267153	0.016139162123219548
0.0040600662196175015	0.038255756699878574
-0.013050476922646631	-0.029911028371770555
-0.008455741934184774	-0.047103121398427004
-0.0074443914075830115	-0.029716060793561344
0.004979941890037743	-0.018982894669344337
0.015349445081126423	0.029931600876309576
0.03201439748667622	-0.03344254706220504
-0.0019002420354247167	-0.013179841219298294
-0.021782957292359465	0.02313300823023065
-0.031158077003241656	-0.02339598940813504
0.0007383037408730729	0.02822377356326433
-0.025345569678485055	-0.027243608825548736
-0.00854475181730595	-0.03684023486802189
-0.012716757591351638	0.01077975676407464
0.013705688482703348	0.0703904003590327
0.020705087390547248	-0.000957570967601225
-0.001914635461861507	0.028380656179151743
0.0041891656334436264	0.024907045347632096
0.027108140440665774	-0.015027756274778621
0.050353874305607414	0.0011632814577207527
-0.006203994556544828	-0.004095357806369955
0.027178957391706	0.011751337689409684
0.02242231155167513	-0.02241182229542729
0.03138420545464991	0.011088631230246532
-0.02022761894575261	0.014008536095905662
-0.009547323310891425	0.04185064233135143
0.020651718827964523	0.04319359922628285
0.022157616422282853	0.001741404178789836
0.020710092457466186	0.017298114085525375
-0.06371535007128666	0.017338220201833853
-0.017584306922534734	0.016649043467246837
0.00573442132890524	0.01840255169304816
-0.00626621644937167	-0.012336958033965367
-0.006059996876779898	-0.02227818203723575
0.010625949621002396	0.008283680921350442
-0.0038554393242950574	0.009275481060311912
0.00047354953075456153	-0.004250689508313278
0.00904442916973515	0.031237852964421817
0.012721467407999176	0.013558024353286346
-0.00044891815326840104	0.013250521045367015
0.013776179848786976	0.04113834760432118
0.027599998567531692	-0.030630580491868533
-0.0038013259095764354	0.025639544275123397
-0.007745143779438716	-0.01701196934581434
-0.04201980778426028	-0.008668244869487357
0.012330294944722797	-0.01779443400424086
0.024890535105030056	0.005954904690153477
0.004178393757782559	-0.009111233518111658
0.005192447460798192	0.020170114762260334
0.005427731872506305	0.01911759851059764
-0.02267119556729136	0.02938472271000747
-0.007171831559514298	-0.0015312846905724696
0.0027607567358124414	-0.03931393718705428
0.019158509274979713	0.01226960846684402
0.007526174491910429	-0.04784693384105253
-0.0021001305222674745	-0.025476147541315
-0.01907055704351928	0.05886120096491166
0.004240919007149315	0.005615607652613909
-0.02472589310644156	-0.0030521302209556233
0.006177158500693956	0.024014221382115654
0.025849931997163296	-0.06880345835148516
0.021846036595158456	-0.03751429150208036
-0.01628195513301026	-0.012522778003623527
0.006327129855770411	0.01294635442540087
-0.006995054077202521	0.032024930247157996
-0.013188641142420118	0.014731462992945686
-0.018718413805361503	0.021414466311731137
0.0025623137775964227	0.017641108041704892
-0.0025693735848562583	0.012613001497474146
-0.002115210704904018	-0.021010645358397903
0.0182060125009632	0.020650960741990198
0.015197659515893146	-0.02288205748592372
0.0016453716106774939	-0.00012169742631411958
-0.016987736244113746	-0.051481155211479925
0.033194227174420936	0.020513315398348605
-0.005852742061262199	-0.04801903590845262
-0.0004258713259859133	-0.02732506960942036
-0.020935483385182592	-0.0020786776841960858
0.04174504944707493	-0.0366153480637177
0.01306117320138668	-0.03118769791326974
0.01717390927325117	0.021240975432774013
-0.011149083622137344	-0.0016525248811332309
0.012026222096426472	0.025490782559727795
0.0015727957276227326	0.012365271165579998
0.0136199068450811	-0.023895873623700534
0.005113354888942216	0.03217438137152106
-0.004326872123601128	0.005480330007798781
0.05895877039341538	0.03931805199704071
0.015748517504116943	-0.028794691885354707
-0.006845262500814202	-0.014752804414359952
-0.013540327678132144	-0.009670878026296922
-0.011135902252027735	0.0010642274624742527
-0.034044868578441405	0.01760054114592218
0.00989773456730841	-0.03243374872875824
0.025450150358690228	0.03177238552077813
-0.004203285417155164	-0.011766558331922842
-0.021567913423898397	-0.03151329638767387
0.018393803342406638	0.000859523016398652
0.011410410526454714	-0.005735378371415978
-0.007217241091044463	-0.014340233410367585
-0.032740356005314504	0.011068647310082802
-0.014563708277760167	0.005296108127251931
-0.022109165251457008	0.02166428158878901
-0.048867248071539415	0.010661807842611233
0.03951750129411072	-0.028231110799591473
-0.03311654216599162	0.008651093141804853
0.028904786286022617	0.003708237080392262
-0.006064211490876018	0.011067875523006171
-0.0038094899654201437	-0.0100212246542106
-0.023398784653844814	-0.002626285524011001
0.0011625657973423826	0.023977834123798513
0.01568104973846883	0.00215976501745901
-0.010454596116123809	-0.01989028553968937
0.03427691123792429	0.014069486772830446
0.007842542928039414	-0.013505780135024289
0.012260163049029719	0.0036685658776365398
-0.019840344674100747	0.019193572068548367
0.026519950729598164	-0.008790429827005706
0.025519299936128607	-0.019737026330345294
-0.02243047847350186	0.017247549492577962
-0.014112324269503188	0.008196586288072787
-0.012465479171071924	-0.016828235966515157
-0.026776643474562503	0.0033788308441312577
-0.0006949544600667149	-0.0064035055273621334
-0.0061924766880861026	0.002022155797738233
0.005680553823981021	0.03919288006926922
0.021935452976143768	-0.004554668015088205
0.03037518430101291	0.03171560055606111
-0.00808384871708573	0.00042636405645482187
0.002986116968977768	-0.018953618302234503
0.014067438651046994	-0.011036595669435725
-0.011726555764416844	-0.03139212106743451
0.008427151129515224	-0.01861096069060739
-0.009598520472943916	0.006420219398468743
-0.004466848866754788	-0.0035416039936062775
-0.012082702397176912	0.015894397644748065
0.024276442600864527	-0.03619082131859709
-0.0018321703485553876	0.030266438056646777
-0.009187530819139084	-0.039844944736888536
-0.0014719913880589604	0.030669026780215655
0.03731944272543377	-0.02373640968516799
0.027673397914591773	0.013896493569977325
-0.01746257213962229	-0.003610540001380469
-0.014525200412035106	0.0012926422151717245
-0.026026879138824344	-0.036786440098474205
0.006643048846672508	0.014200184404717023
0.0030685778313452312	-0.008273795592049561
0.004503218470515877	0.013754771880757934
-0.04363950323061112	-0.02363060423077147
-0.011424311103898712	-0.0076028724105482
-0.015584078557963576	-0.017860870481531368
0.0044613492685283565	0.0073320335993185635
0.028582644254874542	-0.025355420611255695
-0.02055295740662738	-0.02285605463651088
-0.01063606322049392	0.00694751269641815
-0.00826521533301839	0.011274366205867602
-0.04006481737231665	-0.01758395795027775
0.0021074693333006794	-0.0023641123955169306
-0.010264868013598638	-0.004529451038454991
-0.006592512658860872	0.03468992388982195
-0.012821510472741503	0.0012725429488890405
0.003153023064400755	0.0027248904508310797
0.017549014953919986	0.026958893050008065
0.0010428012583273314	0.012797888515871773
-0.004290758607373455	-0.029350222798839233
-0.012796130719623084	0.015556183155986968
-0.04522760596489348	0.05058482594538955
0.02572830094392045	0.0017940607248090894
0.017402535831355145	-0.012668460856371808
0.003018726372702721	-0.0011672666994853034
0.01181095143424986	-0.001005361461297049
-0.023384075840232114	0.006519467820173956
0.008556231005974555	0.019727801028273206
0.029973171100376027	0.0035834564341609863
0.0010989115830372133	0.004962189808719449
-0.0052682909477224284	0.02460969948358038
-0.0398136152389575	-0.011221737904741437
-0.014203477361029292	-0.00512790130278249
0.026038641218555814	-0.022116231254045434
0.032419694378289794	0.005836984047740045
0.04255788164780177	-0.00738576270829884
0.0147826139860615	0.006815089513843306
-0.01992924152378148	0.01609303586673054
-0.02022178134750731	-0.011350644162696983
-0.034079987694619875	0.014187524077308685
0.016749512101978403	-0.0020440514330045613
0.0370848024614112	0.0036396543242679887
0.02244651366049744	0.014007325970747105
-0.008225254247089864	0.0077546882658675945
0.0008209904608600958	0.007231142200134703
-0.0015513619688170685	-0.05356968891797874
-0.019749401910769668	-0.02662138293215214
-0.0007489341551071153	-0.009424009994414374
0.043948645689151286	0.017191221330443176
-0.0009959499784759364	0.029596830574082543
0.007113191648944551	-0.04528013466002075
-0.012949484960868781	0.043622191070020244
0.000629267440889362	-0.04349382914509495
-0.02267854966069957	-0.013044106223985105
0.014605381885325461	-0.0037839720407083907
-0.04665606562010379	-0.026737884494924938
-0.023826327908801386	0.0075905965038141334
0.022128708600666416	0.01641679036546553
0.025662991535466535	-0.03278996409204504
-0.029426074928211043	0.007244755354422332
-0.03548989019614459	-0.011370788621041352
-0.011506005586670854	-0.018459566948406815
-0.00008314174151383523	-0.006815926844406025
-0.010444661830319174	-0.006999502301533139
-0.008377927520562283	-0.02976143057175566
-0.04502540622549049	0.025887998330328017
-0.011872371964317547	-0.0157669511984181
-0.0030815685726680903	0.016475977524616353
-0.01307706952537937	0.01842094241112875
0.03964191670260226	0.010741460460898992
0.016708771650029573	-0.01835588404465515
0.02393384244281179	-0.03199013694543211
0.02293675536160206	0.028938347320272614
-0.003320151338414683	0.030391746973994833
0.007234804251079017	-0.007455688024534669
0.016010307013391574	-0.0407288203141096
-0.0014953996563478323	0.036295768528485706
-0.005899673162006381	0.002732120250066236
0.005544091552011668	0.02256704259729995
0.01731401065717697	-0.026672947161950428
-0.00625503947278859	0.03308822142234808
-0.05373481211096427	-0.002591232970051203
-0.002072829760564366	0.000015730727013166337
0.005015750752094275	0.03841309660475523
-0.01065723058388275	0.06343966795786393
-0.0019009114984670106	0.0011751749880508215
0.01701564026112539	-0.01094266246131377
0.03171835818135386	0.015897864775656332
0.02094881689475781	0.05477086047957784
0.022373250069259172	-0.0078330510447341
-0.05714433605685568	0.03346657131591616
-0.013681835984983015	0.043412105984742363
-0.04574856325163426	-0.02240517821184444
-0.014624098962238964	-0.0026728785533082205
0.008618636051774313	-0.011564893707890236
0.007783302441477797	0.015184621400820091
0.0005421458105667892	0.0028317808481388724
0.008441686124478032	0.009466796276772856
0.021444788986556825	-0.03836031293334026
-0.02813874281863458	0.004788831155982085
-0.02636980077466231	-0.0067644923641896814
0.016003758488059624	-0.05395976476235691
-0.03176847600756251	0.018793496366083844
-0.029188814450554896	0.00883122760495234
0.03234609021637171	0.0036771859195177036
-0.0265545812120132	-0.00260001435880616
0.0040101535546503125	-0.0011059525357366763
0.0209201478090686	-0.011518675491935883
-0.01765956587396012	-0.013105917003574594
0.011790865342425554	0.00046293975675483295
-0.019609614227420094	-0.008247763962504526
0.000535730147238106	0.0011335970121529742
-0.016326041491941685	0.007616901765416135
0.019079163003937933	-0.03487865425069539
-0.005381693440037221	0.03206425566562054
0.03553297710204441	0.015762153633955396
-0.007009555432878918	0.027074697156168673
0.03779089729172438	0.02594201602463306
-0.024306122940888835	0.041093451311745466
0.023269291155419414	0.008095326405808392
-0.0024022552572777554	0.019544618739413325
-0.007962643526745184	0.027696443686466277
0.002538711741965605	0.034649496260797386
-0.0029992089585173004	0.03400933097527287
-0.011222328569452569	0.05465943368110507
0.001317950671852759	0.016682895212726728
0.006871112102411688	0.013381888429158531
-0.011505590667798922	0.0052519881949441224
-0.016961929879041517	-0.013073936758019574
-0.03231499368064338	0.05471365751063136
0.009809651326091812	0.01954558017833201
0.04809876627621961	-0.042274801055324475
0.013888616392087468	0.0006371178301134976
0.009548908238509056	-0.023643072455009146
-0.020376282879785015	-0.018826773291289338
0.015934849917721546	-0.012127502649464467
-0.0002783347375143231	0.016796170877005023
0.023663352510002015	0.01035200200507227
-0.014737556019264597	0.008846546110936427
-0.0167139183899555	0.0009072420733499274
0.018340752759040183	-0.016185317840922243
-0.006671529077846684	-0.038334981060835036
-0.027018266089476984	0.025972392272100686
-0.02501978576839051	0.050160754458751
-0.002707464574240142	-0.015748356755268905
-0.04097658806126804	0.027129078498297328
0.010636536274881158	0.020675021271009376
-0.006154766532305483	0.010960907779858727
0.0211316587455823	0.016484209254858054
-0.04166097982213182	-0.03456040171353085
-0.018401029687596857	0.02581024694480857
0.005683961527269809	0.007686568776587817
-0.019039904181233656	-0.026639915545774762
0.011065491544863746	0.0037582895790639337
-0.0023285083788672466	-0.0244485858730825
0.01671559898174728	0.014038770578174195
0.020523356886921022	0.007638608960955619
-0.0034890709206278282	0.004455171510093754
0.02542071344933928	-0.010346866171417462
-0.0128237533205458	-0.01659505096639805
0.026520958697233907	-0.01641671494784584
-0.007895109901219659	-0.0029343084053876055
0.029364394893975115	-0.026153969212154668
0.020549544920794027	0.014228110253754133
0.0056862813241433914	-0.023956630211956986
0.046059356090955225	0.029439125038561647
-0.012014117802110093	0.014336950248601096
-0.042237508021117615	0.0085169613641549
-0.01472686900032577	0.0018673512850840182
0.007635014196589782	0.009016776493093055
-0.02522741730059713	0.014887692443917694
-0.000025932737452759098	0.020043893712236367
0.023259434587004555	-0.006231724779783388
0.007425195349718672	0.000627171034565325
-0.015372461568225988	0.007434636105023472
0.01845937628185117	-0.010207625107472263
0.01329867736349739	0.010003139571794037
0.021595741955568	0.03403540872403676
-0.04690112553926449	0.024023534730201468
-0.027095678279718448	-0.014973283853136836
0.0013777396835175542	0.025162675845805792
0.0014678276727250078	0.003870482104876865
-0.026208341576618707	-0.02348396403305712
-0.0006599382166792846	-0.01364287198206909
0.018425888184517684	0.0038809818189458945
-0.017212696229652276	-0.05025588135356639
0.024120882935205333	-0.007863294324408583
-0.021321156376821165	-0.01553341843211218
0.0004855291795303463	0.009798669848712622
-0.011358730457830086	-0.0021780859728433802
0.02259129706125019	-0.01086023100238197
0.020066405359252106	-0.0225223338488931
-0.02454435735197214	0.013794380041960631
0.01895307145416323	-0.03458248913946282
-0.0005958864400314665	-0.04066027131700112
0.017014208171644705	-0.009914872309305454
0.0023658604018977412	0.04021812480812722
0.018539910615217925	0.041753656200812415
0.024434505158510908	-0.026252318088577573
0.004788859234492492	-0.011392665544257418
0.018419864136366464	-0.024252554682749665
-0.022516076137143518	-0.0042461649062096535
-0.013439120079995443	-0.005869402385989824
-0.0011869947330509026	-0.02626472394328418
-0.008177857515429664	-0.03725211987527514
0.03279788664818541	-0.026673074662423857
-0.03435456093588233	0.006113393058226738
0.0057966135834003575	-0.007961592716529138
-0.026498707534070038	-0.013845419907602031
0.0036688510614166017	-0.022910259566252002
-0.011361036207584493	0.03615325009080046
0.025597403271230175	0.03426723240458596
0.0016065199578042541	0.02112811278076762
-0.0002496362491920433	0.02213336543772416
-0.011108193881071381	-0.029381240575494166
-0.0023143731256876523	-0.0278757724422927
0.004598565032755726	0.017516260540766996
0.0141376578577511	-0.017616086686799263
-0.00961531065730243	0.001081192825126646
0.018426698691670792	-0.02435047449664738
0.005838582278935864	0.008820183992475493
0.022262558321468572	0.016433395470649974
-0.026127688292753498	-0.012658705601104851
-0.002236898649018929	-0.04667795789723343
0.0174402878662189	0.018870618686407842
-0.0012942148063028347	0.002039426331111977
-0.056493670101231484	-0.01618363990367799
-0.026256518592483118	0.019363742963997295
-0.008821584045604612	-0.016942991068129555
0.008780217579349844	-0.002782243021385593
0.04426582284564101	0.012757381269442035
0.019036130928651276	0.005836345491860765
0.0028290513669808263	-0.013513373009913556
0.014639229817097862	0.020263938020708538
-0.015601975996877163	-0.00015802200998886053
-0.024573352572481784	-0.014042082720022596
-0.025228765454768057	-0.014128570636212345
0.02993889153832106	0.003863496727620406
-0.02589535545026574	0.004166967351064378
0.028619386005860753	-0.02370195413728734
0.025434952357752127	0.03965585983372853
-0.010603436848196653	-0.009162769272153853
0.0088813320142601	-0.02920632112271646
-0.00990113807650114	0.005531833052239714
0.013144295849772893	-0.035443769394562015
-0.0001771874890890089	0.05377480511104958
-0.0029302172363075774	0.006416132558709646
-0.011754694498757948	0.029679726731799236
-0.003138516804592753	-0.02827695948204902
0.01566023204598334	-0.002852358591474375
0.008654447231559795	0.016755110375610664
-0.01118639601825896	0.01913497739103531
-0.00750020127036471	-0.006315523528360417
0.0534743806883482	-0.005221026688443595
0.019256428491888536	0.008553732177214557
-0.029608395685951975	0.02762868835565215
-0.02983282009591457	-0.025947008768043647
0.01365548456115761	0.01771758917853545
-0.02419512601121423	-0.011415810480233605
0.02210523495069409	-0.03267127164013849
-0.037385719263592854	-0.017051008043820964
0.004224730899301558	0.004366416140583604
-0.005200511553904234	0.054487652405455146
0.004716827349503896	0.033661055161943634
0.03421937719830913	0.028451536414939173
-0.005699656668637	0.0011681476203277133
-0.009988738034488475	0.01277649621540903
-0.008731036973788013	-0.01879182766044898
-0.01007579081142825	0.007656963774976874
-0.03236448136170577	-0.005143421483478208
0.03325931984590363	0.010949825572258024
0.00941134176197928	-0.014624225617564195
0.02988926821888691	0.021359024804824992
0.006518233987624386	0.03599891434959559
0.0018233959414367276	0.008432795493226833
-0.022066175383363806	0.0025033979911670582
0.024274703008250617	-0.008758466704385645
-0.00026346116846750757	-0.00930125823504924
-0.0022373875300153332	-0.01701377799547405
0.029706211314186104	0.005332350350299286
-0.0027068366420593664	0.010836789129251363
0.001389157867652016	-0.0004963421902800344
0.04700877308576879	0.006983195269135861
0.037424859126634964	0.03148043585267526
-0.004124519047202507	0.010155040515642921
0.0008463214831620955	-0.024686842456511555
-0.008026216367076783	-0.0034882554012582935
-0.007858960800964949	-0.02847406324821231
-0.03306133746733075	0.010033477627398256
-0.05082811030423312	0.020011577325194176
-0.015715220232490695	-0.010237465157492699
-0.007188671593431674	-0.034442088958770274
0.001236128427673637	-0.0063517612800265515
0.02284840764886656	0.02750370499202006
-0.008410180837765744	0.01887471421187714
0.008218875034969438	-0.017947305261784074
0.005538400719711784	0.02580985964969963
0.008207792639926388	0.009663650249747184
0.003277398740219399	0.02146034560478877
0.01046511498163209	-0.015015951900420432
0.031550991846980944	-0.005241827035853444
-0.011469127134273541	-0.010911461751575358
0.00044915625730289696	-0.07986162147826285
0.02237801067858477	-0.03074075566450406
0.004902510379641319	-0.004944220420971481
0.008622179065867956	0.0475359422400625
-0.014949463591686111	-0.010800554676784084
0.0011381214956484548	-0.029237555099165778
0.010060170594137734	-0.003624335546115129
-0.014411885387395252	-0.015226381716891647
-0.04087078917012898	-0.009610202285771651
0.03883123537689415	0.020844891660815903
-0.017210715936014084	0.005905264901610277
-0.0490090499242284	0.021996877942035205
0.026367528971852267	0.013718607299394834
0.04424406717296211	-0.01039690599959514
-0.031862516060157435	0.005689490152053875
-0.020542758203312788	-0.014294806198279669
0.0105369676329433	0.005668764236152752
-0.001747127721539078	-0.013862713476668112
0.008456306800019906	0.0033692524961705336
-0.0030434917778008243	-0.013029089742556715
0.015311804474600569	-0.024741061013968935
0.041151185475300486	0.016486395142271053
0.004374139747390448	-0.013136103153213098
-0.03896493244668771	-0.0012328390044318528
-0.0031105583848520958	-0.017670378119765632
0.004414903466096461	0.02496653510337446
-0.021859064539339904	0.023522175021841257
-0.001215512839354509	-0.01822379435226505
-0.03985538755421428	-0.01698262184262704
-0.0090545638330664	-0.021205211184133335
0.003180543138856848	0.025821639190237944
-0.02495005333558061	0.02679112954627038
-0.012619452552666438	0.0030759117402293537
-0.018933040731006514	-0.01883023052605067
0.006220643960455011	0.031805772033526705
0.005445175025769547	-0.04929215951106226
0.0066337827739970275	0.001575830663188669
-0.028820591733233633	-0.04369927160943215
-0.004895339358769683	0.019213395534258253
-0.03596102830294849	0.015324537313016346
-0.0039047283606222787	0.018312224314017432
-0.012393433850415102	0.04237365896141083
-0.0412130743385078	-0.02101816562372437
0.03739627325378771	-0.031784940375155835
-0.006126607495216641	0.003435225012894289
0.004284772606581994	0.04677421140026788
-0.022695367142872392	0.01550426351858395
-0.009958946896738124	0.024894587955154902
0.039164198968176175	-0.04563332704846528
0.03213402244664817	-0.04195156384103224
-0.04055725564247917	-0.0378596054276073
0.013853189921393559	-0.0173975928451587
0.0012658386240073179	-0.0007853806733263591
0.0047842391711907266	0.0213395385617065
0.0066276006463994504	-0.005909274308108905
-0.015972818142812626	0.005756059481413681
0.019258881981203357	0.01688247662052527
-0.0065439441717914494	-0.029577514137209045
0.020769251624227134	0.003084190555364337
0.026649179014041905	-0.01673791383499091
0.01627936905817076	0.017140520788973816
0.042035327275400894	-0.02189382971709453
0.040025913597271895	-0.028784953687087923
-0.012560810575860138	0.013563677533531902
0.02731971440254913	-0.0170535479567407
-0.022906448184786835	-0.016288383475348618
-0.02261829372881244	-0.005312461751488016
-0.06449610087926086	0.011800826634805953
-0.012570857426736044	-0.04404001904765084
0.02680364622847365	-0.04381154180702532
0.03667721123307387	0.03506907534263023
0.013878622546793448	0.008770593235618638
-0.05861042978393218	0.01737750022443363
0.00257057242580687	0.013550144780588852
-0.021029016182339218	-0.008379215872766453
-0.005977227997859426	0.02812677674787583
-0.022284444545452836	0.02456459843996141
-0.003705744223024133	-0.007704683828390973
-0.0009538000296555959	-0.006909702945984104
-0.03907231932163978	-0.009055006930163182
-0.017413619325829344	0.019775698135382425
0.015362546347763342	0.02164312728034679
0.024337509284335253	0.015697614598899366
0.02135765585106908	0.030806119443201795
-0.025766312743041232	0.011939883802046435
-0.010246173423185678	0.0140197146166024
0.015984087171442823	-0.030991800034889747
-0.02068590929452055	0.04380908138884699
0.03760868301914004	-0.02144634049209979
0.04488391307617341	0.022020673806256236
0.002023565780781055	0.0003332865450461891
0.002551012387023848	0.005313461245658102
-0.02032240290459825	-0.009335526216017439
0.04868654806448277	-0.0006292176837027801
-0.014658184404516295	-0.013380799748764305
-0.016551682315476397	-0.0025682091947295984
-0.01012941422230318	-0.029486203739445792
-0.026360122970853092	-0.028229969576608636
-0.024670582573437103	-0.0007603681459821358
0.003985497038196973	0.009267889368532085
-0.005199260904863113	0.026379195443711062
-0.02623818434695179	-0.026847095908065412
0.0018155861358320254	0.005776923267117474
0.03245404012970518	-0.04600991204674249
-0.015990638900512416	-0.0022087564823293575
-0.03347516688582072	0.015145578828730287
0.01982491407350662	0.01647264134099086
0.020731824349002156	0.017985086027877732
-0.002712648911544018	0.010920286323774894
0.016279195062878924	-0.002391863525316762
-0.0235880473438986	0.035893192486700885
0.01331304860639198	-0.026813475242221736
-0.022742592448108983	0.04824143305803841
0.003081334007089258	-0.02981534460203018
-0.010460652705277018	-0.011857138884394068
0.018100197171029928	-0.02375382008131054
-0.001720426263524938	-0.014364347871773438
0.039777527503449636	-0.024969908840516395
0.011315936446300754	0.012827285137097298
0.03738272027676883	-0.01642988754484431
-0.047982939350836834	-0.02484676750055038
-0.00005344856584699263	0.04098592389405453
0.02484759902368866	-0.00045306364716217457
0.02612449266388555	0.011722216747229222
-0.033014981760160184	0.0072870078081747605
0.015182267030405365	-0.0007028662997615731
0.023282712631736077	-0.005426080759189419
-0.020398044442785215	-0.03203759907889255
0.03652938222435976	0.0007313091312482588
0.015620596759081064	-0.035883575786171476
-0.0009497412801750351	0.006370688400428619
0.004779075955519452	-0.010543929983120271
0.0023456943006562366	0.006172519897556049
0.04049396940826319	0.03254023229089387
-0.009517840642292687	0.03238397379241178
-0.00704700215419977	0.009677397986040583
0.031275558362054014	-0.008332159255664563
0.02834497452286216	0.009720579348476362
-0.016021044515959034	0.0212141765945529
-0.012546594316230595	0.010599192613427231
-0.012745323740977383	-0.007811240106460673
-0.01809550005304677	0.01532930229960367
-0.02964487110726874	0.02758082288866788
0.004452148204885306	-0.021684252646743916
-0.007542517819364864	0.017573070032378416
-0.004240772831648448	0.007264876108268315
-0.030127226959723127	-0.012367256321877792
-0.02660179027665852	0.015614121611247719
0.015150280098974941	0.011604026833487593
-0.0247234398075521	-0.00500098488553928
-0.008812058627947665	-0.03225965434415689
0.003696107910344556	0.03019958188429839
0.007996315358144103	-0.008038709732371575
-0.008138740361190147	0.041513778626406
0.011638531544911028	0.026952354405465298
-0.03500231730572877	0.006891942127879974
0.04179554778868135	-0.018689298464265758
-0.009718686974028772	0.0030846265296961407
0.007320455532851183	0.016597097510437746
0.02155500147600668	0.018300116498607428
0.017075199334449353	0.005241452537270417
-0.014114977401036781	-0.016202563032290174
0.032758504207190606	-0.00225831878253605
0.017756724491293927	0.026694394200291446
0.013402868875002126	0.00467242134481961
0.000896816141134831	0.023917348151259232
-0.025616568901748654	0.018706207523136644
0.031091298415743682	-0.039066733873123066
-0.013034822400352069	0.02176397810577851
-0.00038577746042129686	-0.003967621780210437
-0.0018857797374954696	-0.014667309515658204
-0.02491884576297509	0.021827760544379737
0.028738662143761202	-0.031136949132188497
-0.019007464960871745	0.013955583723229295
0.03729581759773818	0.006007919907987324
-0.01733788040198572	0.004284075380186289
-0.004202918257263614	-0.0012275424256786903
-0.008427380873281062	0.016384158914805852
-0.010581537921232686	0.0011547099333419368
0.006734545353649394	-0.028482277687662476
0.010528316077878038	0.010911628009101936
0.016980264898765668	0.003439673025607234
-0.03736687244534324	-0.008831251941594277
-0.00008327868849435233	-0.01635438493241396
-0.02939680816552589	0.008988823440669529
0.014642560087435558	-0.020204357217935075
0.0011052076933416282	-0.005855967866305558
-0.0069101773226946245	-0.0414389440956179
0.021320226354509305	0.007894078662364305
0.025690731309673975	-0.02518472125814683
0.0010923552140323168	-0.01647945651606847
0.031981991964207264	0.012898581235406228
-0.02966996632766333	0.013993148947616631
-0.00665660712580197	-0.00608498370750769
-0.012278123407399448	0.001979751899790797
-0.0005940594328665427	-0.036460393258652996
0.030405433369044454	-0.02953735038441267
-0.00013667465940055444	-0.04994860067073633
0.013193410196037059	0.02084109233623769
-0.02061384107054629	0.028075144514285288
-0.01892223359214756	-0.03443380455428889
0.050860735214736615	-0.025744320336808
0.027226929130438764	0.04047272445751377
-0.04372956212219043	-0.0030331539944194377
-0.030694499414071954	-0.033230371788984955
0.014790169351541224	0.007088364886977837
-0.03163587050644807	-0.0571977516931539
0.006145384703375928	0.007838282210175079
-0.01695318103306629	-0.00018068754084767926
0.02036228874384769	0.042410115565275235
-0.02239632854375445	0.03566730057440769
0.006915001603874243	-0.021703840247690388
0.0033783595748635726	0.0302955859463499
0.0031015294233167527	0.003156369606832128
-0.04739116539054251	0.03149128067712566
-0.018046458531754177	-0.017608157886577314
0.0009921565941021183	0.026946825963169406
-0.0005029394920158286	-0.00006521462643742743
0.017421640207988295	-0.009479488993492047
0.013846267461032683	-0.00434577247072166
-0.025831018844987976	0.00756050851591708
-0.018126114026775574	0.02415056890893417
0.023512653086877083	0.0005729478123132392
-0.01558727885996143	-0.011978423895568979
0.020498308944204128	-0.02015967344747061
0.024624547719556515	0.04658342355382461
-0.016572680828128555	0.02955415851390442
0.02072838095416283	0.0011239553626462481
0.0015640194760095133	-0.05138225909410658
-0.018682944102833342	0.0027010168885542563
0.04794368661143017	-0.027134573827964675
-0.009735244275364404	-0.008490325588485607
0.007208226431696876	-0.032098092798913215
0.016165278581301706	-0.004282042421667479
0.008609989987855806	-0.018865530017040017
0.011275425033358622	-0.016590895406698017
-0.004290229422416372	0.02307710662804691
0.0355398382681704	-0.029958517957464157
-0.01715135491646235	-0.00488648635488352
-0.01221886367626628	0.012444522244534836
0.029152965542938343	0.028541807670794186
-0.0030557798717862497	-0.015410875377401077
0.027542129029202292	0.029323968952327178
-0.013627536621360735	-0.0004542823829229897
-0.005604975805359638	-0.0026417523212316873
-0.008322903176680434	0.007376277529228782
0.0040668917248684955	0.025423569206060738
-0.007649973478575323	-0.024487990154273435
-0.0032842663695682125	0.019873634010053445
0.009085023256261999	-0.005853135137317457
-0.019434634456506474	-0.007377769439221792
-0.003721229636158824	-0.04681189986402645
-0.003978292958545242	0.006921752855669315
0.0004992696932234563	-0.0027474668240647323
-0.06348429106246047	-0.008381548927283568
-0.015501390158298382	-0.0011652387906873486
-0.022197783350223755	0.010086756607462633
-0.011479631277213182	0.02267772840542784
-0.02485592051126039	-0.002353574726674953
-0.010177580145780908	-0.016791793946280408
0.030619408459527535	-0.02794597384222553
0.005327179827443801	-0.02486128986647625
-0.0425638841891183	0.00199773790311895
0.000746289555530606	-0.005589412318783191
0.004344488101496185	0.041485617843532885
-0.02307521753889689	-0.011083122755010484
0.014279528870082743	0.002070190934987451
0.006165785962357666	-0.0098091250527733
-0.020411880115325222	0.003207456626827215
0.017633530067539486	0.006032605471359469
0.01452408622026238	-0.01616574235099728
-0.0034273480068795787	0.012098192092630033
-0.01867269151681785	0.010866256083233983
-0.008855755311974994	-0.03429917278177339
-0.029047000978702834	0.0007845023493464361
-0.022618126812422465	-0.02023031673201245
0.0013871761681585344	0.0061771180609775135
-0.023899881598633918	-0.011479703777386363
0.015765945211034863	-0.042231940367360714
-0.010691480405363954	-0.023569630543242976
0.027377270850841684	-0.008439226920190755
-0.011727901515354935	-0.017105393988258544
-0.0078209952900056	-0.04193054728754582
0.012755192825337528	-0.012722502744793897
-0.026879574384486734	0.006547583818367008
0.010175029875720894	-0.003944656199540809
0.022690034255983153	0.04547269064336088
-0.008831136643825777	-0.02041101742449039
0.02659023998784336	0.003920382292751161
-0.02185365442143064	0.0007812378569734636
-0.0065683004589439644	0.02888987794586962
0.011271458983432256	-0.0435728354870983
-0.010009123852421566	-0.0038691427694604176
-0.020138995230795254	0.007853401687855442
-0.009694868850680362	-0.011032535783718442
-0.037110171273504584	-0.0008349166455122924
-0.0003319058677654692	-0.022611614355774017
0.023663809073877932	0.010247601379819497
-0.002036137773756308	0.016669653898856877
-0.01166830625803793	0.005911699283613265
0.016811064960160976	-0.045714121263193186
-0.01435901938858063	-0.032335294101224
0.027325277641881286	0.016139381568376063
-0.031065337646990415	-0.013790678967140164
0.012299546558402681	-0.014969719937391537
0.014539128717860682	0.01828051544560172
0.009059966688284765	0.018773392783923114
-0.021003481975490512	0.0018591000604138062
-0.010090856304439363	0.015760594663250162
-0.014216631635166541	-0.011927514602906832
0.009351824184070138	-0.006907206253634325
0.017631841086593564	0.00422898975957662
-0.015735436141002545	-0.034571697024495425
-0.037293055748161476	-0.010859103021810153
0.03186331722044297	0.05120043727642634
-0.0029839749658054594	0.000737313553975437
-0.015746330295142538	-0.02225565833265745
-0.004721667017222332	-0.03150997870195329
0.01981220186608571	-0.0008293555238436345
0.022992257825551463	-0.003486232953974571
0.05752659781213177	-0.010684960913597219
-0.02158530889260178	0.022725373623644907
-0.024775132034706625	0.001963522277032739
-0.023871188388632288	-0.0010226186711791852
-0.00835490403684682	0.005136434178412323
-0.0009415065483235421	-0.020477410559373233
0.019606641631848422	-0.007147659309180384
-0.03584281174082722	-0.019602738228405234
-0.020198285795836376	0.026905864260298847
-0.013095088347646578	-0.03883685260645684
0.006808363721387374	-0.008955685574415425
0.002244270430102472	-0.027024848240740106
-0.010933446591583932	-0.010260341377273047
-0.011810986370623057	0.005610749952568898
-0.016427923417607463	-0.016035715341610947
-0.026681058149550147	0.014862705904400643
0.007364388811968095	-0.002966771294239413
0.0049063838597971105	0.009279994988188675
0.00904514269484665	-0.010939807216443833
0.023164935324494533	-0.008661851912163418
-0.013156423175160286	0.030322224208083663
-0.006418685002490394	0.013568515391605755
0.05000865744887773	0.0023499665261447005
0.01564311633849804	0.023712390992396096
0.02632529458877138	0.011045552875309351
0.017552948069442825	-0.019422698540107565
-0.012195471433291194	0.036338391527962005
-0.012580107576175819	-0.04427368148298786
0.05743503251673647	-0.03147245108963334
0.007137635242725932	0.03101744980835086
0.01437162650768078	0.0013907375458697487
-0.021230590755525334	-0.010161708719334547
-0.007961369856803182	-0.023928644661061305
-0.027373219659638074	0.024273037731832425
0.024187686588684865	0.03058500078019383
0.005781059251619897	-0.006566896659956873
0.03825045143398303	0.022556940254203777
-0.023103152201411577	0.030301669506557334
-0.0468107241382549	-0.0029706976043892288
0.01863485145713348	-0.02090432095938788
0.03700689311573521	-0.021591803237991824
-0.006817308762154384	0.013043253412277493
-0.003917296113778858	0.007050868284624528
0.024215833614222096	0.019885120177316293
-0.00009383520061540524	0.029417948108713367
0.009202837798686246	-0.010800800690184865
-0.02461505321744223	0.030353993580834612
-0.03079981802714325	-0.008402415501759871
0.03781854768448512	0.0071091237844044235
0.008299120815593582	0.014093972195927337
-0.03094911822049366	-0.001142827365343397
0.012104165947188288	0.016452703321833365
-0.03585994863456735	-0.013315773565515606
0.006126985786791951	0.023110134947862508
-0.00871552365074014	-0.01719351792460277
0.008342385172614415	0.018132179625989543
-0.04232212547343478	0.045617156321291465
0.003815733127054153	0.031121074020346917
-0.0031627961594952315	0.005016336734047383
0.016937227483188266	0.0016613236410854347
0.004975407776516332	-0.006797248479792838
-0.009351063426314227	0.009304356273210778
-0.002834547884670875	-0.026056050830960242
-0.023237759814760176	-0.015185074443191667
0.0028083774093374905	0.003620913250660012
-0.01056188708101507	0.007151034407819873
0.014581012857248724	0.010987614486272543
0.042127508178835996	-0.022070378483822227
-0.009123133479706362	-0.03018218030544265
-0.007154201718118707	-0.009075213162248498
-0.026968006359342454	0.01592098183564529
-0.011644877247662664	-0.008638504750360577
0.017803812320146422	-0.0023944754376529994
-0.006764277044285669	0.014154735393361791
-0.035097806102847164	0.0030806604797820676
-0.01474187302766681	-0.014177503156431176
0.030893184773957152	0.007619137169209443
-0.024611815551753218	0.01922542958677953
0.0032753942446452156	0.029892294483344847
0.018054870262029378	-0.025590300866215738
-0.05028645003062317	-0.029054185861217465
0.01610053025698837	0.0012802607416090245
-0.02263742676500298	0.009967131624185159
-0.014694820871738769	-0.00360010806562778
-0.011539894658802818	0.01451402882821764
-0.0125534316671904	-0.04193829177125671
0.011933682272023367	-0.00003314162660207961
-0.009112045774575174	0.01588351088064822
-0.020870176798501387	0.0020766349017085376
-0.02281286960110294	0.001665153337866774
0.011730779368561156	-0.02964551012583387
0.006583258134119174	0.015013202830143601
0.04993386024865479	-0.019538614229036785
-0.02626261626203638	0.013745941329814144
0.003107448983005885	-0.012328442250284106
-0.02059861643208499	0.012403416584928504
-0.008709465605355586	-0.04016177829917404
0.004609452450484601	0.0053541959725809385
-0.004005896829817714	0.004187979617116587
-0.033590096325693965	-0.017620355389074135
-0.04696606725960968	-0.0115113000427807
-0.005364897929668462	0.0045014472941887216
0.00047355722700794726	-0.0017856259588883735