1
3,5,9,17,33,65,129,257,513,1025,2049,4097,8193,2
7,13,25,49,97,193,385,769,1537,3073,6145,12289,8194,4
11,21,41,81,161,321,641,1281,2561,5121,10241,4098,8195,6
15,29,57,113,225,449,897,1793,3585,7169,14337,12290,8196,8
19,37,73,145,289,577,1153,2305,4609,9217,2050,4099,8197,10
23,45,89,177,353,705,1409,2817,5633,11265,6146,12291,8198,12
27,53,105,209,417,833,1665,3329,6657,13313,10242,4100,8199,14
31,61,121,241,481,961,1921,3841,7681,15361,14338,12292,8200,16
35,69,137,273,545,1089,2177,4353,8705,1026,2051,4101,8201,18
39,77,153,305,609,1217,2433,4865,9729,3074,6147,12293,8202,20
43,85,169,337,673,1345,2689,5377,10753,5122,10243,4102,8203,22
47,93,185,369,737,1473,2945,5889,11777,7170,14339,12294,8204,24
51,101,201,401,801,1601,3201,6401,12801,9218,2052,4103,8205,26
55,109,217,433,865,1729,3457,6913,13825,11266,6148,12295,8206,28
59,117,233,465,929,1857,3713,7425,14849,13314,10244,4104,8207,30
63,125,249,497,993,1985,3969,7937,15873,15362,14340,12296,8208,32
67,133,265,529,1057,2113,4225,8449,514,1027,2053,4105,8209,34
71,141,281,561,1121,2241,4481,8961,1538,3075,6149,12297,8210,36
75,149,297,593,1185,2369,4737,9473,2562,5123,10245,4106,8211,38
79,157,313,625,1249,2497,4993,9985,3586,7171,14341,12298,8212,40
83,165,329,657,1313,2625,5249,10497,4610,9219,2054,4107,8213,42
87,173,345,689,1377,2753,5505,11009,5634,11267,6150,12299,8214,44
91,181,361,721,1441,2881,5761,11521,6658,13315,10246,4108,8215,46
95,189,377,753,1505,3009,6017,12033,7682,15363,14342,12300,8216,48
99,197,393,785,1569,3137,6273,12545,8706,1028,2055,4109,8217,50
103,205,409,817,1633,3265,6529,13057,9730,3076,6151,12301,8218,52
107,213,425,849,1697,3393,6785,13569,10754,5124,10247,4110,8219,54
111,221,441,881,1761,3521,7041,14081,11778,7172,14343,12302,8220,56
115,229,457,913,1825,3649,7297,14593,12802,9220,2056,4111,8221,58
119,237,473,945,1889,3777,7553,15105,13826,11268,6152,12303,8222,60
123,245,489,977,1953,3905,7809,15617,14850,13316,10248,4112,8223,62
127,253,505,1009,2017,4033,8065,16129,15874,15364,14344,12304,8224,64
131,261,521,1041,2081,4161,8321,258,515,1029,2057,4113,8225,66
135,269,537,1073,2145,4289,8577,770,1539,3077,6153,12305,8226,68
139,277,553,1105,2209,4417,8833,1282,2563,5125,10249,4114,8227,70
143,285,569,1137,2273,4545,9089,1794,3587,7173,14345,12306,8228,72
147,293,585,1169,2337,4673,9345,2306,4611,9221,2058,4115,8229,74
151,301,601,1201,2401,4801,9601,2818,5635,11269,6154,12307,8230,76
155,309,617,1233,2465,4929,9857,3330,6659,13317,10250,4116,8231,78
159,317,633,1265,2529,5057,10113,3842,7683,15365,14346,12308,8232,80
163,325,649,1297,2593,5185,10369,4354,8707,1030,2059,4117,8233,82
167,333,665,1329,2657,5313,10625,4866,9731,3078,6155,12309,8234,84
171,341,681,1361,2721,5441,10881,5378,10755,5126,10251,4118,8235,86
175,349,697,1393,2785,5569,11137,5890,11779,7174,14347,12310,8236,88
179,357,713,1425,2849,5697,11393,6402,12803,9222,2060,4119,8237,90
183,365,729,1457,2913,5825,11649,6914,13827,11270,6156,12311,8238,92
187,373,745,1489,2977,5953,11905,7426,14851,13318,10252,4120,8239,94
191,381,761,1521,3041,6081,12161,7938,15875,15366,14348,12312,8240,96
195,389,777,1553,3105,6209,12417,8450,516,1031,2061,4121,8241,98
199,397,793,1585,3169,6337,12673,8962,1540,3079,6157,12313,8242,100
203,405,809,1617,3233,6465,12929,9474,2564,5127,10253,4122,8243,102
207,413,825,1649,3297,6593,13185,9986,3588,7175,14349,12314,8244,104
211,421,841,1681,3361,6721,13441,10498,4612,9223,2062,4123,8245,106
215,429,857,1713,3425,6849,13697,11010,5636,11271,6158,12315,8246,108
219,437,873,1745,3489,6977,13953,11522,6660,13319,10254,4124,8247,110
223,445,889,1777,3553,7105,14209,12034,7684,15367,14350,12316,8248,112
227,453,905,1809,3617,7233,14465,12546,8708,1032,2063,4125,8249,114
231,461,921,1841,3681,7361,14721,13058,9732,3080,6159,12317,8250,116
235,469,937,1873,3745,7489,14977,13570,10756,5128,10255,4126,8251,118
239,477,953,1905,3809,7617,15233,14082,11780,7176,14351,12318,8252,120
243,485,969,1937,3873,7745,15489,14594,12804,9224,2064,4127,8253,122
247,493,985,1969,3937,7873,15745,15106,13828,11272,6160,12319,8254,124
251,501,1001,2001,4001,8001,16001,15618,14852,13320,10256,4128,8255,126
255,509,1017,2033,4065,8129,16257,16130,15876,15368,14352,12320,8256,128
259,517,1033,2065,4129,8257,130
263,525,1049,2097,4193,8385,386,771,1541,3081,6161,12321,8258,132
267,533,1065,2129,4257,8513,642,1283,2565,5129,10257,4130,8259,134
271,541,1081,2161,4321,8641,898,1795,3589,7177,14353,12322,8260,136
275,549,1097,2193,4385,8769,1154,2307,4613,9225,2066,4131,8261,138
279,557,1113,2225,4449,8897,1410,2819,5637,11273,6162,12323,8262,140
283,565,1129,2257,4513,9025,1666,3331,6661,13321,10258,4132,8263,142
287,573,1145,2289,4577,9153,1922,3843,7685,15369,14354,12324,8264,144
291,581,1161,2321,4641,9281,2178,4355,8709,1034,2067,4133,8265,146
295,589,1177,2353,4705,9409,2434,4867,9733,3082,6163,12325,8266,148
299,597,1193,2385,4769,9537,2690,5379,10757,5130,10259,4134,8267,150
303,605,1209,2417,4833,9665,2946,5891,11781,7178,14355,12326,8268,152
307,613,1225,2449,4897,9793,3202,6403,12805,9226,2068,4135,8269,154
311,621,1241,2481,4961,9921,3458,6915,13829,11274,6164,12327,8270,156
315,629,1257,2513,5025,10049,3714,7427,14853,13322,10260,4136,8271,158
319,637,1273,2545,5089,10177,3970,7939,15877,15370,14356,12328,8272,160
323,645,1289,2577,5153,10305,4226,8451,518,1035,2069,4137,8273,162
327,653,1305,2609,5217,10433,4482,8963,1542,3083,6165,12329,8274,164
331,661,1321,2641,5281,10561,4738,9475,2566,5131,10261,4138,8275,166
335,669,1337,2673,5345,10689,4994,9987,3590,7179,14357,12330,8276,168
339,677,1353,2705,5409,10817,5250,10499,4614,9227,2070,4139,8277,170
343,685,1369,2737,5473,10945,5506,11011,5638,11275,6166,12331,8278,172
347,693,1385,2769,5537,11073,5762,11523,6662,13323,10262,4140,8279,174
351,701,1401,2801,5601,11201,6018,12035,7686,15371,14358,12332,8280,176
355,709,1417,2833,5665,11329,6274,12547,8710,1036,2071,4141,8281,178
359,717,1433,2865,5729,11457,6530,13059,9734,3084,6167,12333,8282,180
363,725,1449,2897,5793,11585,6786,13571,10758,5132,10263,4142,8283,182
367,733,1465,2929,5857,11713,7042,14083,11782,7180,14359,12334,8284,184
371,741,1481,2961,5921,11841,7298,14595,12806,9228,2072,4143,8285,186
375,749,1497,2993,5985,11969,7554,15107,13830,11276,6168,12335,8286,188
379,757,1513,3025,6049,12097,7810,15619,14854,13324,10264,4144,8287,190
383,765,1529,3057,6113,12225,8066,16131,15878,15372,14360,12336,8288,192
387,773,1545,3089,6177,12353,8322,260,519,1037,2073,4145,8289,194
391,781,1561,3121,6241,12481,8578,772,1543,3085,6169,12337,8290,196
395,789,1577,3153,6305,12609,8834,1284,2567,5133,10265,4146,8291,198
399,797,1593,3185,6369,12737,9090,1796,3591,7181,14361,12338,8292,200
403,805,1609,3217,6433,12865,9346,2308,4615,9229,2074,4147,8293,202
407,813,1625,3249,6497,12993,9602,2820,5639,11277,6170,12339,8294,204
411,821,1641,3281,6561,13121,9858,3332,6663,13325,10266,4148,8295,206
415,829,1657,3313,6625,13249,10114,3844,7687,15373,14362,12340,8296,208
419,837,1673,3345,6689,13377,10370,4356,8711,1038,2075,4149,8297,210
423,845,1689,3377,6753,13505,10626,4868,9735,3086,6171,12341,8298,212
427,853,1705,3409,6817,13633,10882,5380,10759,5134,10267,4150,8299,214
431,861,1721,3441,6881,13761,11138,5892,11783,7182,14363,12342,8300,216
435,869,1737,3473,6945,13889,11394,6404,12807,9230,2076,4151,8301,218
439,877,1753,3505,7009,14017,11650,6916,13831,11278,6172,12343,8302,220
443,885,1769,3537,7073,14145,11906,7428,14855,13326,10268,4152,8303,222
447,893,1785,3569,7137,14273,12162,7940,15879,15374,14364,12344,8304,224
451,901,1801,3601,7201,14401,12418,8452,520,1039,2077,4153,8305,226
455,909,1817,3633,7265,14529,12674,8964,1544,3087,6173,12345,8306,228
459,917,1833,3665,7329,14657,12930,9476,2568,5135,10269,4154,8307,230
463,925,1849,3697,7393,14785,13186,9988,3592,7183,14365,12346,8308,232
467,933,1865,3729,7457,14913,13442,10500,4616,9231,2078,4155,8309,234
471,941,1881,3761,7521,15041,13698,11012,5640,11279,6174,12347,8310,236
475,949,1897,3793,7585,15169,13954,11524,6664,13327,10270,4156,8311,238
479,957,1913,3825,7649,15297,14210,12036,7688,15375,14366,12348,8312,240
483,965,1929,3857,7713,15425,14466,12548,8712,1040,2079,4157,8313,242
487,973,1945,3889,7777,15553,14722,13060,9736,3088,6175,12349,8314,244
491,981,1961,3921,7841,15681,14978,13572,10760,5136,10271,4158,8315,246
495,989,1977,3953,7905,15809,15234,14084,11784,7184,14367,12350,8316,248
499,997,1993,3985,7969,15937,15490,14596,12808,9232,2080,4159,8317,250
503,1005,2009,4017,8033,16065,15746,15108,13832,11280,6176,12351,8318,252
507,1013,2025,4049,8097,16193,16002,15620,14856,13328,10272,4160,8319,254
511,1021,2041,4081,8161,16321,16258,16132,15880,15376,14368,12352,8320,256
523,1045,2089,4177,8353,322,643,1285,2569,5137,10273,4162,8323,262
527,1053,2105,4209,8417,450,899,1797,3593,7185,14369,12354,8324,264
531,1061,2121,4241,8481,578,1155,2309,4617,9233,2082,4163,8325,266
535,1069,2137,4273,8545,706,1411,2821,5641,11281,6178,12355,8326,268
539,1077,2153,4305,8609,834,1667,3333,6665,13329,10274,4164,8327,270
543,1085,2169,4337,8673,962,1923,3845,7689,15377,14370,12356,8328,272
547,1093,2185,4369,8737,1090,2179,4357,8713,1042,2083,4165,8329,274
551,1101,2201,4401,8801,1218,2435,4869,9737,3090,6179,12357,8330,276
555,1109,2217,4433,8865,1346,2691,5381,10761,5138,10275,4166,8331,278
559,1117,2233,4465,8929,1474,2947,5893,11785,7186,14371,12358,8332,280
563,1125,2249,4497,8993,1602,3203,6405,12809,9234,2084,4167,8333,282
567,1133,2265,4529,9057,1730,3459,6917,13833,11282,6180,12359,8334,284
571,1141,2281,4561,9121,1858,3715,7429,14857,13330,10276,4168,8335,286
575,1149,2297,4593,9185,1986,3971,7941,15881,15378,14372,12360,8336,288
579,1157,2313,4625,9249,2114,4227,8453,522,1043,2085,4169,8337,290
583,1165,2329,4657,9313,2242,4483,8965,1546,3091,6181,12361,8338,292
587,1173,2345,4689,9377,2370,4739,9477,2570,5139,10277,4170,8339,294
591,1181,2361,4721,9441,2498,4995,9989,3594,7187,14373,12362,8340,296
595,1189,2377,4753,9505,2626,5251,10501,4618,9235,2086,4171,8341,298
599,1197,2393,4785,9569,2754,5507,11013,5642,11283,6182,12363,8342,300
603,1205,2409,4817,9633,2882,5763,11525,6666,13331,10278,4172,8343,302
607,1213,2425,4849,9697,3010,6019,12037,7690,15379,14374,12364,8344,304
611,1221,2441,4881,9761,3138,6275,12549,8714,1044,2087,4173,8345,306
615,1229,2457,4913,9825,3266,6531,13061,9738,3092,6183,12365,8346,308
619,1237,2473,4945,9889,3394,6787,13573,10762,5140,10279,4174,8347,310
623,1245,2489,4977,9953,3522,7043,14085,11786,7188,14375,12366,8348,312
627,1253,2505,5009,10017,3650,7299,14597,12810,9236,2088,4175,8349,314
631,1261,2521,5041,10081,3778,7555,15109,13834,11284,6184,12367,8350,316
635,1269,2537,5073,10145,3906,7811,15621,14858,13332,10280,4176,8351,318
639,1277,2553,5105,10209,4034,8067,16133,15882,15380,14376,12368,8352,320
647,1293,2585,5169,10337,4290,8579,774,1547,3093,6185,12369,8354,324
651,1301,2601,5201,10401,4418,8835,1286,2571,5141,10281,4178,8355,326
655,1309,2617,5233,10465,4546,9091,1798,3595,7189,14377,12370,8356,328
659,1317,2633,5265,10529,4674,9347,2310,4619,9237,2090,4179,8357,330
663,1325,2649,5297,10593,4802,9603,2822,5643,11285,6186,12371,8358,332
667,1333,2665,5329,10657,4930,9859,3334,6667,13333,10282,4180,8359,334
671,1341,2681,5361,10721,5058,10115,3846,7691,15381,14378,12372,8360,336
675,1349,2697,5393,10785,5186,10371,4358,8715,1046,2091,4181,8361,338
679,1357,2713,5425,10849,5314,10627,4870,9739,3094,6187,12373,8362,340
683,1365,2729,5457,10913,5442,10883,5382,10763,5142,10283,4182,8363,342
687,1373,2745,5489,10977,5570,11139,5894,11787,7190,14379,12374,8364,344
691,1381,2761,5521,11041,5698,11395,6406,12811,9238,2092,4183,8365,346
695,1389,2777,5553,11105,5826,11651,6918,13835,11286,6188,12375,8366,348
699,1397,2793,5585,11169,5954,11907,7430,14859,13334,10284,4184,8367,350
703,1405,2809,5617,11233,6082,12163,7942,15883,15382,14380,12376,8368,352
707,1413,2825,5649,11297,6210,12419,8454,524,1047,2093,4185,8369,354
711,1421,2841,5681,11361,6338,12675,8966,1548,3095,6189,12377,8370,356
715,1429,2857,5713,11425,6466,12931,9478,2572,5143,10285,4186,8371,358
719,1437,2873,5745,11489,6594,13187,9990,3596,7191,14381,12378,8372,360
723,1445,2889,5777,11553,6722,13443,10502,4620,9239,2094,4187,8373,362
727,1453,2905,5809,11617,6850,13699,11014,5644,11287,6190,12379,8374,364
731,1461,2921,5841,11681,6978,13955,11526,6668,13335,10286,4188,8375,366
735,1469,2937,5873,11745,7106,14211,12038,7692,15383,14382,12380,8376,368
739,1477,2953,5905,11809,7234,14467,12550,8716,1048,2095,4189,8377,370
743,1485,2969,5937,11873,7362,14723,13062,9740,3096,6191,12381,8378,372
747,1493,2985,5969,11937,7490,14979,13574,10764,5144,10287,4190,8379,374
751,1501,3001,6001,12001,7618,15235,14086,11788,7192,14383,12382,8380,376
755,1509,3017,6033,12065,7746,15491,14598,12812,9240,2096,4191,8381,378
759,1517,3033,6065,12129,7874,15747,15110,13836,11288,6192,12383,8382,380
763,1525,3049,6097,12193,8002,16003,15622,14860,13336,10288,4192,8383,382
767,1533,3065,6129,12257,8130,16259,16134,15884,15384,14384,12384,8384,384
775,1549,3097,6193,12385,8386,388
779,1557,3113,6225,12449,8514,644,1287,2573,5145,10289,4194,8387,390
783,1565,3129,6257,12513,8642,900,1799,3597,7193,14385,12386,8388,392
787,1573,3145,6289,12577,8770,1156,2311,4621,9241,2098,4195,8389,394
791,1581,3161,6321,12641,8898,1412,2823,5645,11289,6194,12387,8390,396
795,1589,3177,6353,12705,9026,1668,3335,6669,13337,10290,4196,8391,398
799,1597,3193,6385,12769,9154,1924,3847,7693,15385,14386,12388,8392,400
803,1605,3209,6417,12833,9282,2180,4359,8717,1050,2099,4197,8393,402
807,1613,3225,6449,12897,9410,2436,4871,9741,3098,6195,12389,8394,404
811,1621,3241,6481,12961,9538,2692,5383,10765,5146,10291,4198,8395,406
815,1629,3257,6513,13025,9666,2948,5895,11789,7194,14387,12390,8396,408
819,1637,3273,6545,13089,9794,3204,6407,12813,9242,2100,4199,8397,410
823,1645,3289,6577,13153,9922,3460,6919,13837,11290,6196,12391,8398,412
827,1653,3305,6609,13217,10050,3716,7431,14861,13338,10292,4200,8399,414
831,1661,3321,6641,13281,10178,3972,7943,15885,15386,14388,12392,8400,416
835,1669,3337,6673,13345,10306,4228,8455,526,1051,2101,4201,8401,418
839,1677,3353,6705,13409,10434,4484,8967,1550,3099,6197,12393,8402,420
843,1685,3369,6737,13473,10562,4740,9479,2574,5147,10293,4202,8403,422
847,1693,3385,6769,13537,10690,4996,9991,3598,7195,14389,12394,8404,424
851,1701,3401,6801,13601,10818,5252,10503,4622,9243,2102,4203,8405,426
855,1709,3417,6833,13665,10946,5508,11015,5646,11291,6198,12395,8406,428
859,1717,3433,6865,13729,11074,5764,11527,6670,13339,10294,4204,8407,430
863,1725,3449,6897,13793,11202,6020,12039,7694,15387,14390,12396,8408,432
867,1733,3465,6929,13857,11330,6276,12551,8718,1052,2103,4205,8409,434
871,1741,3481,6961,13921,11458,6532,13063,9742,3100,6199,12397,8410,436
875,1749,3497,6993,13985,11586,6788,13575,10766,5148,10295,4206,8411,438
879,1757,3513,7025,14049,11714,7044,14087,11790,7196,14391,12398,8412,440
883,1765,3529,7057,14113,11842,7300,14599,12814,9244,2104,4207,8413,442
887,1773,3545,7089,14177,11970,7556,15111,13838,11292,6200,12399,8414,444
891,1781,3561,7121,14241,12098,7812,15623,14862,13340,10296,4208,8415,446
895,1789,3577,7153,14305,12226,8068,16135,15886,15388,14392,12400,8416,448
903,1805,3609,7217,14433,12482,8580,776,1551,3101,6201,12401,8418,452
907,1813,3625,7249,14497,12610,8836,1288,2575,5149,10297,4210,8419,454
911,1821,3641,7281,14561,12738,9092,1800,3599,7197,14393,12402,8420,456
915,1829,3657,7313,14625,12866,9348,2312,4623,9245,2106,4211,8421,458
919,1837,3673,7345,14689,12994,9604,2824,5647,11293,6202,12403,8422,460
923,1845,3689,7377,14753,13122,9860,3336,6671,13341,10298,4212,8423,462
927,1853,3705,7409,14817,13250,10116,3848,7695,15389,14394,12404,8424,464
931,1861,3721,7441,14881,13378,10372,4360,8719,1054,2107,4213,8425,466
935,1869,3737,7473,14945,13506,10628,4872,9743,3102,6203,12405,8426,468
939,1877,3753,7505,15009,13634,10884,5384,10767,5150,10299,4214,8427,470
943,1885,3769,7537,15073,13762,11140,5896,11791,7198,14395,12406,8428,472
947,1893,3785,7569,15137,13890,11396,6408,12815,9246,2108,4215,8429,474
951,1901,3801,7601,15201,14018,11652,6920,13839,11294,6204,12407,8430,476
955,1909,3817,7633,15265,14146,11908,7432,14863,13342,10300,4216,8431,478
959,1917,3833,7665,15329,14274,12164,7944,15887,15390,14396,12408,8432,480
963,1925,3849,7697,15393,14402,12420,8456,528,1055,2109,4217,8433,482
967,1933,3865,7729,15457,14530,12676,8968,1552,3103,6205,12409,8434,484
971,1941,3881,7761,15521,14658,12932,9480,2576,5151,10301,4218,8435,486
975,1949,3897,7793,15585,14786,13188,9992,3600,7199,14397,12410,8436,488
979,1957,3913,7825,15649,14914,13444,10504,4624,9247,2110,4219,8437,490
983,1965,3929,7857,15713,15042,13700,11016,5648,11295,6206,12411,8438,492
987,1973,3945,7889,15777,15170,13956,11528,6672,13343,10302,4220,8439,494
991,1981,3961,7921,15841,15298,14212,12040,7696,15391,14398,12412,8440,496
995,1989,3977,7953,15905,15426,14468,12552,8720,1056,2111,4221,8441,498
999,1997,3993,7985,15969,15554,14724,13064,9744,3104,6207,12413,8442,500
1003,2005,4009,8017,16033,15682,14980,13576,10768,5152,10303,4222,8443,502
1007,2013,4025,8049,16097,15810,15236,14088,11792,7200,14399,12414,8444,504
1011,2021,4041,8081,16161,15938,15492,14600,12816,9248,2112,4223,8445,506
1015,2029,4057,8113,16225,16066,15748,15112,13840,11296,6208,12415,8446,508
1019,2037,4073,8145,16289,16194,16004,15624,14864,13344,10304,4224,8447,510
1023,2045,4089,8177,16353,16322,16260,16136,15888,15392,14400,12416,8448,512
1059,2117,4233,8465,546,1091,2181,4361,8721,1058,2115,4229,8457,530
1063,2125,4249,8497,610,1219,2437,4873,9745,3106,6211,12421,8458,532
1067,2133,4265,8529,674,1347,2693,5385,10769,5154,10307,4230,8459,534
1071,2141,4281,8561,738,1475,2949,5897,11793,7202,14403,12422,8460,536
1075,2149,4297,8593,802,1603,3205,6409,12817,9250,2116,4231,8461,538
1079,2157,4313,8625,866,1731,3461,6921,13841,11298,6212,12423,8462,540
1083,2165,4329,8657,930,1859,3717,7433,14865,13346,10308,4232,8463,542
1087,2173,4345,8689,994,1987,3973,7945,15889,15394,14404,12424,8464,544
1095,2189,4377,8753,1122,2243,4485,8969,1554,3107,6213,12425,8466,548
1099,2197,4393,8785,1186,2371,4741,9481,2578,5155,10309,4234,8467,550
1103,2205,4409,8817,1250,2499,4997,9993,3602,7203,14405,12426,8468,552
1107,2213,4425,8849,1314,2627,5253,10505,4626,9251,2118,4235,8469,554
1111,2221,4441,8881,1378,2755,5509,11017,5650,11299,6214,12427,8470,556
1115,2229,4457,8913,1442,2883,5765,11529,6674,13347,10310,4236,8471,558
1119,2237,4473,8945,1506,3011,6021,12041,7698,15395,14406,12428,8472,560
1123,2245,4489,8977,1570,3139,6277,12553,8722,1060,2119,4237,8473,562
1127,2253,4505,9009,1634,3267,6533,13065,9746,3108,6215,12429,8474,564
1131,2261,4521,9041,1698,3395,6789,13577,10770,5156,10311,4238,8475,566
1135,2269,4537,9073,1762,3523,7045,14089,11794,7204,14407,12430,8476,568
1139,2277,4553,9105,1826,3651,7301,14601,12818,9252,2120,4239,8477,570
1143,2285,4569,9137,1890,3779,7557,15113,13842,11300,6216,12431,8478,572
1147,2293,4585,9169,1954,3907,7813,15625,14866,13348,10312,4240,8479,574
1151,2301,4601,9201,2018,4035,8069,16137,15890,15396,14408,12432,8480,576
1159,2317,4633,9265,2146,4291,8581,778,1555,3109,6217,12433,8482,580
1163,2325,4649,9297,2210,4419,8837,1290,2579,5157,10313,4242,8483,582
1167,2333,4665,9329,2274,4547,9093,1802,3603,7205,14409,12434,8484,584
1171,2341,4681,9361,2338,4675,9349,2314,4627,9253,2122,4243,8485,586
1175,2349,4697,9393,2402,4803,9605,2826,5651,11301,6218,12435,8486,588
1179,2357,4713,9425,2466,4931,9861,3338,6675,13349,10314,4244,8487,590
1183,2365,4729,9457,2530,5059,10117,3850,7699,15397,14410,12436,8488,592
1187,2373,4745,9489,2594,5187,10373,4362,8723,1062,2123,4245,8489,594
1191,2381,4761,9521,2658,5315,10629,4874,9747,3110,6219,12437,8490,596
1195,2389,4777,9553,2722,5443,10885,5386,10771,5158,10315,4246,8491,598
1199,2397,4793,9585,2786,5571,11141,5898,11795,7206,14411,12438,8492,600
1203,2405,4809,9617,2850,5699,11397,6410,12819,9254,2124,4247,8493,602
1207,2413,4825,9649,2914,5827,11653,6922,13843,11302,6220,12439,8494,604
1211,2421,4841,9681,2978,5955,11909,7434,14867,13350,10316,4248,8495,606
1215,2429,4857,9713,3042,6083,12165,7946,15891,15398,14412,12440,8496,608
1223,2445,4889,9777,3170,6339,12677,8970,1556,3111,6221,12441,8498,612
1227,2453,4905,9809,3234,6467,12933,9482,2580,5159,10317,4250,8499,614
1231,2461,4921,9841,3298,6595,13189,9994,3604,7207,14413,12442,8500,616
1235,2469,4937,9873,3362,6723,13445,10506,4628,9255,2126,4251,8501,618
1239,2477,4953,9905,3426,6851,13701,11018,5652,11303,6222,12443,8502,620
1243,2485,4969,9937,3490,6979,13957,11530,6676,13351,10318,4252,8503,622
1247,2493,4985,9969,3554,7107,14213,12042,7700,15399,14414,12444,8504,624
1251,2501,5001,10001,3618,7235,14469,12554,8724,1064,2127,4253,8505,626
1255,2509,5017,10033,3682,7363,14725,13066,9748,3112,6223,12445,8506,628
1259,2517,5033,10065,3746,7491,14981,13578,10772,5160,10319,4254,8507,630
1263,2525,5049,10097,3810,7619,15237,14090,11796,7208,14415,12446,8508,632
1267,2533,5065,10129,3874,7747,15493,14602,12820,9256,2128,4255,8509,634
1271,2541,5081,10161,3938,7875,15749,15114,13844,11304,6224,12447,8510,636
1275,2549,5097,10193,4002,8003,16005,15626,14868,13352,10320,4256,8511,638
1279,2557,5113,10225,4066,8131,16261,16138,15892,15400,14416,12448,8512,640
1291,2581,5161,10321,4258,8515,646
1295,2589,5177,10353,4322,8643,902,1803,3605,7209,14417,12450,8516,648
1299,2597,5193,10385,4386,8771,1158,2315,4629,9257,2130,4259,8517,650
1303,2605,5209,10417,4450,8899,1414,2827,5653,11305,6226,12451,8518,652
1307,2613,5225,10449,4514,9027,1670,3339,6677,13353,10322,4260,8519,654
1311,2621,5241,10481,4578,9155,1926,3851,7701,15401,14418,12452,8520,656
1315,2629,5257,10513,4642,9283,2182,4363,8725,1066,2131,4261,8521,658
1319,2637,5273,10545,4706,9411,2438,4875,9749,3114,6227,12453,8522,660
1323,2645,5289,10577,4770,9539,2694,5387,10773,5162,10323,4262,8523,662
1327,2653,5305,10609,4834,9667,2950,5899,11797,7210,14419,12454,8524,664
1331,2661,5321,10641,4898,9795,3206,6411,12821,9258,2132,4263,8525,666
1335,2669,5337,10673,4962,9923,3462,6923,13845,11306,6228,12455,8526,668
1339,2677,5353,10705,5026,10051,3718,7435,14869,13354,10324,4264,8527,670
1343,2685,5369,10737,5090,10179,3974,7947,15893,15402,14420,12456,8528,672
1351,2701,5401,10801,5218,10435,4486,8971,1558,3115,6229,12457,8530,676
1355,2709,5417,10833,5282,10563,4742,9483,2582,5163,10325,4266,8531,678
1359,2717,5433,10865,5346,10691,4998,9995,3606,7211,14421,12458,8532,680
1363,2725,5449,10897,5410,10819,5254,10507,4630,9259,2134,4267,8533,682
1367,2733,5465,10929,5474,10947,5510,11019,5654,11307,6230,12459,8534,684
1371,2741,5481,10961,5538,11075,5766,11531,6678,13355,10326,4268,8535,686
1375,2749,5497,10993,5602,11203,6022,12043,7702,15403,14422,12460,8536,688
1379,2757,5513,11025,5666,11331,6278,12555,8726,1068,2135,4269,8537,690
1383,2765,5529,11057,5730,11459,6534,13067,9750,3116,6231,12461,8538,692
1387,2773,5545,11089,5794,11587,6790,13579,10774,5164,10327,4270,8539,694
1391,2781,5561,11121,5858,11715,7046,14091,11798,7212,14423,12462,8540,696
1395,2789,5577,11153,5922,11843,7302,14603,12822,9260,2136,4271,8541,698
1399,2797,5593,11185,5986,11971,7558,15115,13846,11308,6232,12463,8542,700
1403,2805,5609,11217,6050,12099,7814,15627,14870,13356,10328,4272,8543,702
1407,2813,5625,11249,6114,12227,8070,16139,15894,15404,14424,12464,8544,704
1415,2829,5657,11313,6242,12483,8582,780,1559,3117,6233,12465,8546,708
1419,2837,5673,11345,6306,12611,8838,1292,2583,5165,10329,4274,8547,710
1423,2845,5689,11377,6370,12739,9094,1804,3607,7213,14425,12466,8548,712
1427,2853,5705,11409,6434,12867,9350,2316,4631,9261,2138,4275,8549,714
1431,2861,5721,11441,6498,12995,9606,2828,5655,11309,6234,12467,8550,716
1435,2869,5737,11473,6562,13123,9862,3340,6679,13357,10330,4276,8551,718
1439,2877,5753,11505,6626,13251,10118,3852,7703,15405,14426,12468,8552,720
1443,2885,5769,11537,6690,13379,10374,4364,8727,1070,2139,4277,8553,722
1447,2893,5785,11569,6754,13507,10630,4876,9751,3118,6235,12469,8554,724
1451,2901,5801,11601,6818,13635,10886,5388,10775,5166,10331,4278,8555,726
1455,2909,5817,11633,6882,13763,11142,5900,11799,7214,14427,12470,8556,728
1459,2917,5833,11665,6946,13891,11398,6412,12823,9262,2140,4279,8557,730
1463,2925,5849,11697,7010,14019,11654,6924,13847,11310,6236,12471,8558,732
1467,2933,5865,11729,7074,14147,11910,7436,14871,13358,10332,4280,8559,734
1471,2941,5881,11761,7138,14275,12166,7948,15895,15406,14428,12472,8560,736
1479,2957,5913,11825,7266,14531,12678,8972,1560,3119,6237,12473,8562,740
1483,2965,5929,11857,7330,14659,12934,9484,2584,5167,10333,4282,8563,742
1487,2973,5945,11889,7394,14787,13190,9996,3608,7215,14429,12474,8564,744
1491,2981,5961,11921,7458,14915,13446,10508,4632,9263,2142,4283,8565,746
1495,2989,5977,11953,7522,15043,13702,11020,5656,11311,6238,12475,8566,748
1499,2997,5993,11985,7586,15171,13958,11532,6680,13359,10334,4284,8567,750
1503,3005,6009,12017,7650,15299,14214,12044,7704,15407,14430,12476,8568,752
1507,3013,6025,12049,7714,15427,14470,12556,8728,1072,2143,4285,8569,754
1511,3021,6041,12081,7778,15555,14726,13068,9752,3120,6239,12477,8570,756
1515,3029,6057,12113,7842,15683,14982,13580,10776,5168,10335,4286,8571,758
1519,3037,6073,12145,7906,15811,15238,14092,11800,7216,14431,12478,8572,760
1523,3045,6089,12177,7970,15939,15494,14604,12824,9264,2144,4287,8573,762
1527,3053,6105,12209,8034,16067,15750,15116,13848,11312,6240,12479,8574,764
1531,3061,6121,12241,8098,16195,16006,15628,14872,13360,10336,4288,8575,766
1535,3069,6137,12273,8162,16323,16262,16140,15896,15408,14432,12480,8576,768
1563,3125,6249,12497,8610,836,1671,3341,6681,13361,10338,4292,8583,782
1567,3133,6265,12529,8674,964,1927,3853,7705,15409,14434,12484,8584,784
1571,3141,6281,12561,8738,1092,2183,4365,8729,1074,2147,4293,8585,786
1575,3149,6297,12593,8802,1220,2439,4877,9753,3122,6243,12485,8586,788
1579,3157,6313,12625,8866,1348,2695,5389,10777,5170,10339,4294,8587,790
1583,3165,6329,12657,8930,1476,2951,5901,11801,7218,14435,12486,8588,792
1587,3173,6345,12689,8994,1604,3207,6413,12825,9266,2148,4295,8589,794
1591,3181,6361,12721,9058,1732,3463,6925,13849,11314,6244,12487,8590,796
1595,3189,6377,12753,9122,1860,3719,7437,14873,13362,10340,4296,8591,798
1599,3197,6393,12785,9186,1988,3975,7949,15897,15410,14436,12488,8592,800
1607,3213,6425,12849,9314,2244,4487,8973,1562,3123,6245,12489,8594,804
1611,3221,6441,12881,9378,2372,4743,9485,2586,5171,10341,4298,8595,806
1615,3229,6457,12913,9442,2500,4999,9997,3610,7219,14437,12490,8596,808
1619,3237,6473,12945,9506,2628,5255,10509,4634,9267,2150,4299,8597,810
1623,3245,6489,12977,9570,2756,5511,11021,5658,11315,6246,12491,8598,812
1627,3253,6505,13009,9634,2884,5767,11533,6682,13363,10342,4300,8599,814
1631,3261,6521,13041,9698,3012,6023,12045,7706,15411,14438,12492,8600,816
1635,3269,6537,13073,9762,3140,6279,12557,8730,1076,2151,4301,8601,818
1639,3277,6553,13105,9826,3268,6535,13069,9754,3124,6247,12493,8602,820
1643,3285,6569,13137,9890,3396,6791,13581,10778,5172,10343,4302,8603,822
1647,3293,6585,13169,9954,3524,7047,14093,11802,7220,14439,12494,8604,824
1651,3301,6601,13201,10018,3652,7303,14605,12826,9268,2152,4303,8605,826
1655,3309,6617,13233,10082,3780,7559,15117,13850,11316,6248,12495,8606,828
1659,3317,6633,13265,10146,3908,7815,15629,14874,13364,10344,4304,8607,830
1663,3325,6649,13297,10210,4036,8071,16141,15898,15412,14440,12496,8608,832
1675,3349,6697,13393,10402,4420,8839,1294,2587,5173,10345,4306,8611,838
1679,3357,6713,13425,10466,4548,9095,1806,3611,7221,14441,12498,8612,840
1683,3365,6729,13457,10530,4676,9351,2318,4635,9269,2154,4307,8613,842
1687,3373,6745,13489,10594,4804,9607,2830,5659,11317,6250,12499,8614,844
1691,3381,6761,13521,10658,4932,9863,3342,6683,13365,10346,4308,8615,846
1695,3389,6777,13553,10722,5060,10119,3854,7707,15413,14442,12500,8616,848
1699,3397,6793,13585,10786,5188,10375,4366,8731,1078,2155,4309,8617,850
1703,3405,6809,13617,10850,5316,10631,4878,9755,3126,6251,12501,8618,852
1707,3413,6825,13649,10914,5444,10887,5390,10779,5174,10347,4310,8619,854
1711,3421,6841,13681,10978,5572,11143,5902,11803,7222,14443,12502,8620,856
1715,3429,6857,13713,11042,5700,11399,6414,12827,9270,2156,4311,8621,858
1719,3437,6873,13745,11106,5828,11655,6926,13851,11318,6252,12503,8622,860
1723,3445,6889,13777,11170,5956,11911,7438,14875,13366,10348,4312,8623,862
1727,3453,6905,13809,11234,6084,12167,7950,15899,15414,14444,12504,8624,864
1735,3469,6937,13873,11362,6340,12679,8974,1564,3127,6253,12505,8626,868
1739,3477,6953,13905,11426,6468,12935,9486,2588,5175,10349,4314,8627,870
1743,3485,6969,13937,11490,6596,13191,9998,3612,7223,14445,12506,8628,872
1747,3493,6985,13969,11554,6724,13447,10510,4636,9271,2158,4315,8629,874
1751,3501,7001,14001,11618,6852,13703,11022,5660,11319,6254,12507,8630,876
1755,3509,7017,14033,11682,6980,13959,11534,6684,13367,10350,4316,8631,878
1759,3517,7033,14065,11746,7108,14215,12046,7708,15415,14446,12508,8632,880
1763,3525,7049,14097,11810,7236,14471,12558,8732,1080,2159,4317,8633,882
1767,3533,7065,14129,11874,7364,14727,13070,9756,3128,6255,12509,8634,884
1771,3541,7081,14161,11938,7492,14983,13582,10780,5176,10351,4318,8635,886
1775,3549,7097,14193,12002,7620,15239,14094,11804,7224,14447,12510,8636,888
1779,3557,7113,14225,12066,7748,15495,14606,12828,9272,2160,4319,8637,890
1783,3565,7129,14257,12130,7876,15751,15118,13852,11320,6256,12511,8638,892
1787,3573,7145,14289,12194,8004,16007,15630,14876,13368,10352,4320,8639,894
1791,3581,7161,14321,12258,8132,16263,16142,15900,15416,14448,12512,8640,896
1807,3613,7225,14449,12514,8644,904
1811,3621,7241,14481,12578,8772,1160,2319,4637,9273,2162,4323,8645,906
1815,3629,7257,14513,12642,8900,1416,2831,5661,11321,6258,12515,8646,908
1819,3637,7273,14545,12706,9028,1672,3343,6685,13369,10354,4324,8647,910
1823,3645,7289,14577,12770,9156,1928,3855,7709,15417,14450,12516,8648,912
1827,3653,7305,14609,12834,9284,2184,4367,8733,1082,2163,4325,8649,914
1831,3661,7321,14641,12898,9412,2440,4879,9757,3130,6259,12517,8650,916
1835,3669,7337,14673,12962,9540,2696,5391,10781,5178,10355,4326,8651,918
1839,3677,7353,14705,13026,9668,2952,5903,11805,7226,14451,12518,8652,920
1843,3685,7369,14737,13090,9796,3208,6415,12829,9274,2164,4327,8653,922
1847,3693,7385,14769,13154,9924,3464,6927,13853,11322,6260,12519,8654,924
1851,3701,7401,14801,13218,10052,3720,7439,14877,13370,10356,4328,8655,926
1855,3709,7417,14833,13282,10180,3976,7951,15901,15418,14452,12520,8656,928
1863,3725,7449,14897,13410,10436,4488,8975,1566,3131,6261,12521,8658,932
1867,3733,7465,14929,13474,10564,4744,9487,2590,5179,10357,4330,8659,934
1871,3741,7481,14961,13538,10692,5000,9999,3614,7227,14453,12522,8660,936
1875,3749,7497,14993,13602,10820,5256,10511,4638,9275,2166,4331,8661,938
1879,3757,7513,15025,13666,10948,5512,11023,5662,11323,6262,12523,8662,940
1883,3765,7529,15057,13730,11076,5768,11535,6686,13371,10358,4332,8663,942
1887,3773,7545,15089,13794,11204,6024,12047,7710,15419,14454,12524,8664,944
1891,3781,7561,15121,13858,11332,6280,12559,8734,1084,2167,4333,8665,946
1895,3789,7577,15153,13922,11460,6536,13071,9758,3132,6263,12525,8666,948
1899,3797,7593,15185,13986,11588,6792,13583,10782,5180,10359,4334,8667,950
1903,3805,7609,15217,14050,11716,7048,14095,11806,7228,14455,12526,8668,952
1907,3813,7625,15249,14114,11844,7304,14607,12830,9276,2168,4335,8669,954
1911,3821,7641,15281,14178,11972,7560,15119,13854,11324,6264,12527,8670,956
1915,3829,7657,15313,14242,12100,7816,15631,14878,13372,10360,4336,8671,958
1919,3837,7673,15345,14306,12228,8072,16143,15902,15420,14456,12528,8672,960
1931,3861,7721,15441,14498,12612,8840,1296,2591,5181,10361,4338,8675,966
1935,3869,7737,15473,14562,12740,9096,1808,3615,7229,14457,12530,8676,968
1939,3877,7753,15505,14626,12868,9352,2320,4639,9277,2170,4339,8677,970
1943,3885,7769,15537,14690,12996,9608,2832,5663,11325,6266,12531,8678,972
1947,3893,7785,15569,14754,13124,9864,3344,6687,13373,10362,4340,8679,974
1951,3901,7801,15601,14818,13252,10120,3856,7711,15421,14458,12532,8680,976
1955,3909,7817,15633,14882,13380,10376,4368,8735,1086,2171,4341,8681,978
1959,3917,7833,15665,14946,13508,10632,4880,9759,3134,6267,12533,8682,980
1963,3925,7849,15697,15010,13636,10888,5392,10783,5182,10363,4342,8683,982
1967,3933,7865,15729,15074,13764,11144,5904,11807,7230,14459,12534,8684,984
1971,3941,7881,15761,15138,13892,11400,6416,12831,9278,2172,4343,8685,986
1975,3949,7897,15793,15202,14020,11656,6928,13855,11326,6268,12535,8686,988
1979,3957,7913,15825,15266,14148,11912,7440,14879,13374,10364,4344,8687,990
1983,3965,7929,15857,15330,14276,12168,7952,15903,15422,14460,12536,8688,992
1991,3981,7961,15921,15458,14532,12680,8976,1568,3135,6269,12537,8690,996
1995,3989,7977,15953,15522,14660,12936,9488,2592,5183,10365,4346,8691,998
1999,3997,7993,15985,15586,14788,13192,10000,3616,7231,14461,12538,8692,1000
2003,4005,8009,16017,15650,14916,13448,10512,4640,9279,2174,4347,8693,1002
2007,4013,8025,16049,15714,15044,13704,11024,5664,11327,6270,12539,8694,1004
2011,4021,8041,16081,15778,15172,13960,11536,6688,13375,10366,4348,8695,1006
2015,4029,8057,16113,15842,15300,14216,12048,7712,15423,14462,12540,8696,1008
2019,4037,8073,16145,15906,15428,14472,12560,8736,1088,2175,4349,8697,1010
2023,4045,8089,16177,15970,15556,14728,13072,9760,3136,6271,12541,8698,1012
2027,4053,8105,16209,16034,15684,14984,13584,10784,5184,10367,4350,8699,1014
2031,4061,8121,16241,16098,15812,15240,14096,11808,7232,14463,12542,8700,1016
2035,4069,8137,16273,16162,15940,15496,14608,12832,9280,2176,4351,8701,1018
2039,4077,8153,16305,16226,16068,15752,15120,13856,11328,6272,12543,8702,1020
2043,4085,8169,16337,16290,16196,16008,15632,14880,13376,10368,4352,8703,1022
2047,4093,8185,16369,16354,16324,16264,16144,15904,15424,14464,12544,8704,1024
2187,4373,8745,1106,2211,4421,8841,1298,2595,5189,10377,4370,8739,1094
2191,4381,8761,1138,2275,4549,9097,1810,3619,7237,14473,12562,8740,1096
2195,4389,8777,1170,2339,4677,9353,2322,4643,9285,2186,4371,8741,1098
2199,4397,8793,1202,2403,4805,9609,2834,5667,11333,6282,12563,8742,1100
2203,4405,8809,1234,2467,4933,9865,3346,6691,13381,10378,4372,8743,1102
2207,4413,8825,1266,2531,5061,10121,3858,7715,15429,14474,12564,8744,1104
2215,4429,8857,1330,2659,5317,10633,4882,9763,3142,6283,12565,8746,1108
2219,4437,8873,1362,2723,5445,10889,5394,10787,5190,10379,4374,8747,1110
2223,4445,8889,1394,2787,5573,11145,5906,11811,7238,14475,12566,8748,1112
2227,4453,8905,1426,2851,5701,11401,6418,12835,9286,2188,4375,8749,1114
2231,4461,8921,1458,2915,5829,11657,6930,13859,11334,6284,12567,8750,1116
2235,4469,8937,1490,2979,5957,11913,7442,14883,13382,10380,4376,8751,1118
2239,4477,8953,1522,3043,6085,12169,7954,15907,15430,14476,12568,8752,1120
2247,4493,8985,1586,3171,6341,12681,8978,1572,3143,6285,12569,8754,1124
2251,4501,9001,1618,3235,6469,12937,9490,2596,5191,10381,4378,8755,1126
2255,4509,9017,1650,3299,6597,13193,10002,3620,7239,14477,12570,8756,1128
2259,4517,9033,1682,3363,6725,13449,10514,4644,9287,2190,4379,8757,1130
2263,4525,9049,1714,3427,6853,13705,11026,5668,11335,6286,12571,8758,1132
2267,4533,9065,1746,3491,6981,13961,11538,6692,13383,10382,4380,8759,1134
2271,4541,9081,1778,3555,7109,14217,12050,7716,15431,14478,12572,8760,1136
2279,4557,9113,1842,3683,7365,14729,13074,9764,3144,6287,12573,8762,1140
2283,4565,9129,1874,3747,7493,14985,13586,10788,5192,10383,4382,8763,1142
2287,4573,9145,1906,3811,7621,15241,14098,11812,7240,14479,12574,8764,1144
2291,4581,9161,1938,3875,7749,15497,14610,12836,9288,2192,4383,8765,1146
2295,4589,9177,1970,3939,7877,15753,15122,13860,11336,6288,12575,8766,1148
2299,4597,9193,2002,4003,8005,16009,15634,14884,13384,10384,4384,8767,1150
2303,4605,9209,2034,4067,8133,16265,16146,15908,15432,14480,12576,8768,1152
2323,4645,9289,2194,4387,8773,1162
2327,4653,9305,2226,4451,8901,1418,2835,5669,11337,6290,12579,8774,1164
2331,4661,9321,2258,4515,9029,1674,3347,6693,13385,10386,4388,8775,1166
2335,4669,9337,2290,4579,9157,1930,3859,7717,15433,14482,12580,8776,1168
2343,4685,9369,2354,4707,9413,2442,4883,9765,3146,6291,12581,8778,1172
2347,4693,9385,2386,4771,9541,2698,5395,10789,5194,10387,4390,8779,1174
2351,4701,9401,2418,4835,9669,2954,5907,11813,7242,14483,12582,8780,1176
2355,4709,9417,2450,4899,9797,3210,6419,12837,9290,2196,4391,8781,1178
2359,4717,9433,2482,4963,9925,3466,6931,13861,11338,6292,12583,8782,1180
2363,4725,9449,2514,5027,10053,3722,7443,14885,13386,10388,4392,8783,1182
2367,4733,9465,2546,5091,10181,3978,7955,15909,15434,14484,12584,8784,1184
2375,4749,9497,2610,5219,10437,4490,8979,1574,3147,6293,12585,8786,1188
2379,4757,9513,2642,5283,10565,4746,9491,2598,5195,10389,4394,8787,1190
2383,4765,9529,2674,5347,10693,5002,10003,3622,7243,14485,12586,8788,1192
2387,4773,9545,2706,5411,10821,5258,10515,4646,9291,2198,4395,8789,1194
2391,4781,9561,2738,5475,10949,5514,11027,5670,11339,6294,12587,8790,1196
2395,4789,9577,2770,5539,11077,5770,11539,6694,13387,10390,4396,8791,1198
2399,4797,9593,2802,5603,11205,6026,12051,7718,15435,14486,12588,8792,1200
2407,4813,9625,2866,5731,11461,6538,13075,9766,3148,6295,12589,8794,1204
2411,4821,9641,2898,5795,11589,6794,13587,10790,5196,10391,4398,8795,1206
2415,4829,9657,2930,5859,11717,7050,14099,11814,7244,14487,12590,8796,1208
2419,4837,9673,2962,5923,11845,7306,14611,12838,9292,2200,4399,8797,1210
2423,4845,9689,2994,5987,11973,7562,15123,13862,11340,6296,12591,8798,1212
2427,4853,9705,3026,6051,12101,7818,15635,14886,13388,10392,4400,8799,1214
2431,4861,9721,3058,6115,12229,8074,16147,15910,15436,14488,12592,8800,1216
2443,4885,9769,3154,6307,12613,8842,1300,2599,5197,10393,4402,8803,1222
2447,4893,9785,3186,6371,12741,9098,1812,3623,7245,14489,12594,8804,1224
2451,4901,9801,3218,6435,12869,9354,2324,4647,9293,2202,4403,8805,1226
2455,4909,9817,3250,6499,12997,9610,2836,5671,11341,6298,12595,8806,1228
2459,4917,9833,3282,6563,13125,9866,3348,6695,13389,10394,4404,8807,1230
2463,4925,9849,3314,6627,13253,10122,3860,7719,15437,14490,12596,8808,1232
2471,4941,9881,3378,6755,13509,10634,4884,9767,3150,6299,12597,8810,1236
2475,4949,9897,3410,6819,13637,10890,5396,10791,5198,10395,4406,8811,1238
2479,4957,9913,3442,6883,13765,11146,5908,11815,7246,14491,12598,8812,1240
2483,4965,9929,3474,6947,13893,11402,6420,12839,9294,2204,4407,8813,1242
2487,4973,9945,3506,7011,14021,11658,6932,13863,11342,6300,12599,8814,1244
2491,4981,9961,3538,7075,14149,11914,7444,14887,13390,10396,4408,8815,1246
2495,4989,9977,3570,7139,14277,12170,7956,15911,15438,14492,12600,8816,1248
2503,5005,10009,3634,7267,14533,12682,8980,1576,3151,6301,12601,8818,1252
2507,5013,10025,3666,7331,14661,12938,9492,2600,5199,10397,4410,8819,1254
2511,5021,10041,3698,7395,14789,13194,10004,3624,7247,14493,12602,8820,1256
2515,5029,10057,3730,7459,14917,13450,10516,4648,9295,2206,4411,8821,1258
2519,5037,10073,3762,7523,15045,13706,11028,5672,11343,6302,12603,8822,1260
2523,5045,10089,3794,7587,15173,13962,11540,6696,13391,10398,4412,8823,1262
2527,5053,10105,3826,7651,15301,14218,12052,7720,15439,14494,12604,8824,1264
2535,5069,10137,3890,7779,15557,14730,13076,9768,3152,6303,12605,8826,1268
2539,5077,10153,3922,7843,15685,14986,13588,10792,5200,10399,4414,8827,1270
2543,5085,10169,3954,7907,15813,15242,14100,11816,7248,14495,12606,8828,1272
2547,5093,10185,3986,7971,15941,15498,14612,12840,9296,2208,4415,8829,1274
2551,5101,10201,4018,8035,16069,15754,15124,13864,11344,6304,12607,8830,1276
2555,5109,10217,4050,8099,16197,16010,15636,14888,13392,10400,4416,8831,1278
2559,5117,10233,4082,8163,16325,16266,16148,15912,15440,14496,12608,8832,1280
2603,5205,10409,4434,8867,1350,2699,5397,10793,5202,10403,4422,8843,1302
2607,5213,10425,4466,8931,1478,2955,5909,11817,7250,14499,12614,8844,1304
2611,5221,10441,4498,8995,1606,3211,6421,12841,9298,2212,4423,8845,1306
2615,5229,10457,4530,9059,1734,3467,6933,13865,11346,6308,12615,8846,1308
2619,5237,10473,4562,9123,1862,3723,7445,14889,13394,10404,4424,8847,1310
2623,5245,10489,4594,9187,1990,3979,7957,15913,15442,14500,12616,8848,1312
2631,5261,10521,4658,9315,2246,4491,8981,1578,3155,6309,12617,8850,1316
2635,5269,10537,4690,9379,2374,4747,9493,2602,5203,10405,4426,8851,1318
2639,5277,10553,4722,9443,2502,5003,10005,3626,7251,14501,12618,8852,1320
2643,5285,10569,4754,9507,2630,5259,10517,4650,9299,2214,4427,8853,1322
2647,5293,10585,4786,9571,2758,5515,11029,5674,11347,6310,12619,8854,1324
2651,5301,10601,4818,9635,2886,5771,11541,6698,13395,10406,4428,8855,1326
2655,5309,10617,4850,9699,3014,6027,12053,7722,15443,14502,12620,8856,1328
2663,5325,10649,4914,9827,3270,6539,13077,9770,3156,6311,12621,8858,1332
2667,5333,10665,4946,9891,3398,6795,13589,10794,5204,10407,4430,8859,1334
2671,5341,10681,4978,9955,3526,7051,14101,11818,7252,14503,12622,8860,1336
2675,5349,10697,5010,10019,3654,7307,14613,12842,9300,2216,4431,8861,1338
2679,5357,10713,5042,10083,3782,7563,15125,13866,11348,6312,12623,8862,1340
2683,5365,10729,5074,10147,3910,7819,15637,14890,13396,10408,4432,8863,1342
2687,5373,10745,5106,10211,4038,8075,16149,15914,15444,14504,12624,8864,1344
2703,5405,10809,5234,10467,4550,9099,1814,3627,7253,14505,12626,8868,1352
2707,5413,10825,5266,10531,4678,9355,2326,4651,9301,2218,4435,8869,1354
2711,5421,10841,5298,10595,4806,9611,2838,5675,11349,6314,12627,8870,1356
2715,5429,10857,5330,10659,4934,9867,3350,6699,13397,10410,4436,8871,1358
2719,5437,10873,5362,10723,5062,10123,3862,7723,15445,14506,12628,8872,1360
2727,5453,10905,5426,10851,5318,10635,4886,9771,3158,6315,12629,8874,1364
2731,5461,10921,5458,10915,5446,10891,5398,10795,5206,10411,4438,8875,1366
2735,5469,10937,5490,10979,5574,11147,5910,11819,7254,14507,12630,8876,1368
2739,5477,10953,5522,11043,5702,11403,6422,12843,9302,2220,4439,8877,1370
2743,5485,10969,5554,11107,5830,11659,6934,13867,11350,6316,12631,8878,1372
2747,5493,10985,5586,11171,5958,11915,7446,14891,13398,10412,4440,8879,1374
2751,5501,11001,5618,11235,6086,12171,7958,15915,15446,14508,12632,8880,1376
2759,5517,11033,5682,11363,6342,12683,8982,1580,3159,6317,12633,8882,1380
2763,5525,11049,5714,11427,6470,12939,9494,2604,5207,10413,4442,8883,1382
2767,5533,11065,5746,11491,6598,13195,10006,3628,7255,14509,12634,8884,1384
2771,5541,11081,5778,11555,6726,13451,10518,4652,9303,2222,4443,8885,1386
2775,5549,11097,5810,11619,6854,13707,11030,5676,11351,6318,12635,8886,1388
2779,5557,11113,5842,11683,6982,13963,11542,6700,13399,10414,4444,8887,1390
2783,5565,11129,5874,11747,7110,14219,12054,7724,15447,14510,12636,8888,1392
2791,5581,11161,5938,11875,7366,14731,13078,9772,3160,6319,12637,8890,1396
2795,5589,11177,5970,11939,7494,14987,13590,10796,5208,10415,4446,8891,1398
2799,5597,11193,6002,12003,7622,15243,14102,11820,7256,14511,12638,8892,1400
2803,5605,11209,6034,12067,7750,15499,14614,12844,9304,2224,4447,8893,1402
2807,5613,11225,6066,12131,7878,15755,15126,13868,11352,6320,12639,8894,1404
2811,5621,11241,6098,12195,8006,16011,15638,14892,13400,10416,4448,8895,1406
2815,5629,11257,6130,12259,8134,16267,16150,15916,15448,14512,12640,8896,1408
2839,5677,11353,6322,12643,8902,1420
2843,5685,11369,6354,12707,9030,1676,3351,6701,13401,10418,4452,8903,1422
2847,5693,11385,6386,12771,9158,1932,3863,7725,15449,14514,12644,8904,1424
2855,5709,11417,6450,12899,9414,2444,4887,9773,3162,6323,12645,8906,1428
2859,5717,11433,6482,12963,9542,2700,5399,10797,5210,10419,4454,8907,1430
2863,5725,11449,6514,13027,9670,2956,5911,11821,7258,14515,12646,8908,1432
2867,5733,11465,6546,13091,9798,3212,6423,12845,9306,2228,4455,8909,1434
2871,5741,11481,6578,13155,9926,3468,6935,13869,11354,6324,12647,8910,1436
2875,5749,11497,6610,13219,10054,3724,7447,14893,13402,10420,4456,8911,1438
2879,5757,11513,6642,13283,10182,3980,7959,15917,15450,14516,12648,8912,1440
2887,5773,11545,6706,13411,10438,4492,8983,1582,3163,6325,12649,8914,1444
2891,5781,11561,6738,13475,10566,4748,9495,2606,5211,10421,4458,8915,1446
2895,5789,11577,6770,13539,10694,5004,10007,3630,7259,14517,12650,8916,1448
2899,5797,11593,6802,13603,10822,5260,10519,4654,9307,2230,4459,8917,1450
2903,5805,11609,6834,13667,10950,5516,11031,5678,11355,6326,12651,8918,1452
2907,5813,11625,6866,13731,11078,5772,11543,6702,13403,10422,4460,8919,1454
2911,5821,11641,6898,13795,11206,6028,12055,7726,15451,14518,12652,8920,1456
2919,5837,11673,6962,13923,11462,6540,13079,9774,3164,6327,12653,8922,1460
2923,5845,11689,6994,13987,11590,6796,13591,10798,5212,10423,4462,8923,1462
2927,5853,11705,7026,14051,11718,7052,14103,11822,7260,14519,12654,8924,1464
2931,5861,11721,7058,14115,11846,7308,14615,12846,9308,2232,4463,8925,1466
2935,5869,11737,7090,14179,11974,7564,15127,13870,11356,6328,12655,8926,1468
2939,5877,11753,7122,14243,12102,7820,15639,14894,13404,10424,4464,8927,1470
2943,5885,11769,7154,14307,12230,8076,16151,15918,15452,14520,12656,8928,1472
2959,5917,11833,7282,14563,12742,9100,1816,3631,7261,14521,12658,8932,1480
2963,5925,11849,7314,14627,12870,9356,2328,4655,9309,2234,4467,8933,1482
2967,5933,11865,7346,14691,12998,9612,2840,5679,11357,6330,12659,8934,1484
2971,5941,11881,7378,14755,13126,9868,3352,6703,13405,10426,4468,8935,1486
2975,5949,11897,7410,14819,13254,10124,3864,7727,15453,14522,12660,8936,1488
2983,5965,11929,7474,14947,13510,10636,4888,9775,3166,6331,12661,8938,1492
2987,5973,11945,7506,15011,13638,10892,5400,10799,5214,10427,4470,8939,1494
2991,5981,11961,7538,15075,13766,11148,5912,11823,7262,14523,12662,8940,1496
2995,5989,11977,7570,15139,13894,11404,6424,12847,9310,2236,4471,8941,1498
2999,5997,11993,7602,15203,14022,11660,6936,13871,11358,6332,12663,8942,1500
3003,6005,12009,7634,15267,14150,11916,7448,14895,13406,10428,4472,8943,1502
3007,6013,12025,7666,15331,14278,12172,7960,15919,15454,14524,12664,8944,1504
3015,6029,12057,7730,15459,14534,12684,8984,1584,3167,6333,12665,8946,1508
3019,6037,12073,7762,15523,14662,12940,9496,2608,5215,10429,4474,8947,1510
3023,6045,12089,7794,15587,14790,13196,10008,3632,7263,14525,12666,8948,1512
3027,6053,12105,7826,15651,14918,13452,10520,4656,9311,2238,4475,8949,1514
3031,6061,12121,7858,15715,15046,13708,11032,5680,11359,6334,12667,8950,1516
3035,6069,12137,7890,15779,15174,13964,11544,6704,13407,10430,4476,8951,1518
3039,6077,12153,7922,15843,15302,14220,12056,7728,15455,14526,12668,8952,1520
3047,6093,12185,7986,15971,15558,14732,13080,9776,3168,6335,12669,8954,1524
3051,6101,12201,8018,16035,15686,14988,13592,10800,5216,10431,4478,8955,1526
3055,6109,12217,8050,16099,15814,15244,14104,11824,7264,14527,12670,8956,1528
3059,6117,12233,8082,16163,15942,15500,14616,12848,9312,2240,4479,8957,1530
3063,6125,12249,8114,16227,16070,15756,15128,13872,11360,6336,12671,8958,1532
3067,6133,12265,8146,16291,16198,16012,15640,14896,13408,10432,4480,8959,1534
3071,6141,12281,8178,16355,16326,16268,16152,15920,15456,14528,12672,8960,1536
3175,6349,12697,9010,1636,3271,6541,13081,9778,3172,6343,12685,8986,1588
3179,6357,12713,9042,1700,3399,6797,13593,10802,5220,10439,4494,8987,1590
3183,6365,12729,9074,1764,3527,7053,14105,11826,7268,14535,12686,8988,1592
3187,6373,12745,9106,1828,3655,7309,14617,12850,9316,2248,4495,8989,1594
3191,6381,12761,9138,1892,3783,7565,15129,13874,11364,6344,12687,8990,1596
3195,6389,12777,9170,1956,3911,7821,15641,14898,13412,10440,4496,8991,1598
3199,6397,12793,9202,2020,4039,8077,16153,15922,15460,14536,12688,8992,1600
3215,6429,12857,9330,2276,4551,9101,1818,3635,7269,14537,12690,8996,1608
3219,6437,12873,9362,2340,4679,9357,2330,4659,9317,2250,4499,8997,1610
3223,6445,12889,9394,2404,4807,9613,2842,5683,11365,6346,12691,8998,1612
3227,6453,12905,9426,2468,4935,9869,3354,6707,13413,10442,4500,8999,1614
3231,6461,12921,9458,2532,5063,10125,3866,7731,15461,14538,12692,9000,1616
3239,6477,12953,9522,2660,5319,10637,4890,9779,3174,6347,12693,9002,1620
3243,6485,12969,9554,2724,5447,10893,5402,10803,5222,10443,4502,9003,1622
3247,6493,12985,9586,2788,5575,11149,5914,11827,7270,14539,12694,9004,1624
3251,6501,13001,9618,2852,5703,11405,6426,12851,9318,2252,4503,9005,1626
3255,6509,13017,9650,2916,5831,11661,6938,13875,11366,6348,12695,9006,1628
3259,6517,13033,9682,2980,5959,11917,7450,14899,13414,10444,4504,9007,1630
3263,6525,13049,9714,3044,6087,12173,7962,15923,15462,14540,12696,9008,1632
3275,6549,13097,9810,3236,6471,12941,9498,2612,5223,10445,4506,9011,1638
3279,6557,13113,9842,3300,6599,13197,10010,3636,7271,14541,12698,9012,1640
3283,6565,13129,9874,3364,6727,13453,10522,4660,9319,2254,4507,9013,1642
3287,6573,13145,9906,3428,6855,13709,11034,5684,11367,6350,12699,9014,1644
3291,6581,13161,9938,3492,6983,13965,11546,6708,13415,10446,4508,9015,1646
3295,6589,13177,9970,3556,7111,14221,12058,7732,15463,14542,12700,9016,1648
3303,6605,13209,10034,3684,7367,14733,13082,9780,3176,6351,12701,9018,1652
3307,6613,13225,10066,3748,7495,14989,13594,10804,5224,10447,4510,9019,1654
3311,6621,13241,10098,3812,7623,15245,14106,11828,7272,14543,12702,9020,1656
3315,6629,13257,10130,3876,7751,15501,14618,12852,9320,2256,4511,9021,1658
3319,6637,13273,10162,3940,7879,15757,15130,13876,11368,6352,12703,9022,1660
3323,6645,13289,10194,4004,8007,16013,15642,14900,13416,10448,4512,9023,1662
3327,6653,13305,10226,4068,8135,16269,16154,15924,15464,14544,12704,9024,1664
3355,6709,13417,10450,4516,9031,1678
3359,6717,13433,10482,4580,9159,1934,3867,7733,15465,14546,12708,9032,1680
3367,6733,13465,10546,4708,9415,2446,4891,9781,3178,6355,12709,9034,1684
3371,6741,13481,10578,4772,9543,2702,5403,10805,5226,10451,4518,9035,1686
3375,6749,13497,10610,4836,9671,2958,5915,11829,7274,14547,12710,9036,1688
3379,6757,13513,10642,4900,9799,3214,6427,12853,9322,2260,4519,9037,1690
3383,6765,13529,10674,4964,9927,3470,6939,13877,11370,6356,12711,9038,1692
3387,6773,13545,10706,5028,10055,3726,7451,14901,13418,10452,4520,9039,1694
3391,6781,13561,10738,5092,10183,3982,7963,15925,15466,14548,12712,9040,1696
3403,6805,13609,10834,5284,10567,4750,9499,2614,5227,10453,4522,9043,1702
3407,6813,13625,10866,5348,10695,5006,10011,3638,7275,14549,12714,9044,1704
3411,6821,13641,10898,5412,10823,5262,10523,4662,9323,2262,4523,9045,1706
3415,6829,13657,10930,5476,10951,5518,11035,5686,11371,6358,12715,9046,1708
3419,6837,13673,10962,5540,11079,5774,11547,6710,13419,10454,4524,9047,1710
3423,6845,13689,10994,5604,11207,6030,12059,7734,15467,14550,12716,9048,1712
3431,6861,13721,11058,5732,11463,6542,13083,9782,3180,6359,12717,9050,1716
3435,6869,13737,11090,5796,11591,6798,13595,10806,5228,10455,4526,9051,1718
3439,6877,13753,11122,5860,11719,7054,14107,11830,7276,14551,12718,9052,1720
3443,6885,13769,11154,5924,11847,7310,14619,12854,9324,2264,4527,9053,1722
3447,6893,13785,11186,5988,11975,7566,15131,13878,11372,6360,12719,9054,1724
3451,6901,13801,11218,6052,12103,7822,15643,14902,13420,10456,4528,9055,1726
3455,6909,13817,11250,6116,12231,8078,16155,15926,15468,14552,12720,9056,1728
3471,6941,13881,11378,6372,12743,9102,1820,3639,7277,14553,12722,9060,1736
3475,6949,13897,11410,6436,12871,9358,2332,4663,9325,2266,4531,9061,1738
3479,6957,13913,11442,6500,12999,9614,2844,5687,11373,6362,12723,9062,1740
3483,6965,13929,11474,6564,13127,9870,3356,6711,13421,10458,4532,9063,1742
3487,6973,13945,11506,6628,13255,10126,3868,7735,15469,14554,12724,9064,1744
3495,6989,13977,11570,6756,13511,10638,4892,9783,3182,6363,12725,9066,1748
3499,6997,13993,11602,6820,13639,10894,5404,10807,5230,10459,4534,9067,1750
3503,7005,14009,11634,6884,13767,11150,5916,11831,7278,14555,12726,9068,1752
3507,7013,14025,11666,6948,13895,11406,6428,12855,9326,2268,4535,9069,1754
3511,7021,14041,11698,7012,14023,11662,6940,13879,11374,6364,12727,9070,1756
3515,7029,14057,11730,7076,14151,11918,7452,14903,13422,10460,4536,9071,1758
3519,7037,14073,11762,7140,14279,12174,7964,15927,15470,14556,12728,9072,1760
3531,7061,14121,11858,7332,14663,12942,9500,2616,5231,10461,4538,9075,1766
3535,7069,14137,11890,7396,14791,13198,10012,3640,7279,14557,12730,9076,1768
3539,7077,14153,11922,7460,14919,13454,10524,4664,9327,2270,4539,9077,1770
3543,7085,14169,11954,7524,15047,13710,11036,5688,11375,6366,12731,9078,1772
3547,7093,14185,11986,7588,15175,13966,11548,6712,13423,10462,4540,9079,1774
3551,7101,14201,12018,7652,15303,14222,12060,7736,15471,14558,12732,9080,1776
3559,7117,14233,12082,7780,15559,14734,13084,9784,3184,6367,12733,9082,1780
3563,7125,14249,12114,7844,15687,14990,13596,10808,5232,10463,4542,9083,1782
3567,7133,14265,12146,7908,15815,15246,14108,11832,7280,14559,12734,9084,1784
3571,7141,14281,12178,7972,15943,15502,14620,12856,9328,2272,4543,9085,1786
3575,7149,14297,12210,8036,16071,15758,15132,13880,11376,6368,12735,9086,1788
3579,7157,14313,12242,8100,16199,16014,15644,14904,13424,10464,4544,9087,1790
3583,7165,14329,12274,8164,16327,16270,16156,15928,15472,14560,12736,9088,1792
3643,7285,14569,12754,9124,1864,3727,7453,14905,13426,10468,4552,9103,1822
3647,7293,14585,12786,9188,1992,3983,7965,15929,15474,14564,12744,9104,1824
3659,7317,14633,12882,9380,2376,4751,9501,2618,5235,10469,4554,9107,1830
3663,7325,14649,12914,9444,2504,5007,10013,3642,7283,14565,12746,9108,1832
3667,7333,14665,12946,9508,2632,5263,10525,4666,9331,2278,4555,9109,1834
3671,7341,14681,12978,9572,2760,5519,11037,5690,11379,6374,12747,9110,1836
3675,7349,14697,13010,9636,2888,5775,11549,6714,13427,10470,4556,9111,1838
3679,7357,14713,13042,9700,3016,6031,12061,7738,15475,14566,12748,9112,1840
3687,7373,14745,13106,9828,3272,6543,13085,9786,3188,6375,12749,9114,1844
3691,7381,14761,13138,9892,3400,6799,13597,10810,5236,10471,4558,9115,1846
3695,7389,14777,13170,9956,3528,7055,14109,11834,7284,14567,12750,9116,1848
3699,7397,14793,13202,10020,3656,7311,14621,12858,9332,2280,4559,9117,1850
3703,7405,14809,13234,10084,3784,7567,15133,13882,11380,6376,12751,9118,1852
3707,7413,14825,13266,10148,3912,7823,15645,14906,13428,10472,4560,9119,1854
3711,7421,14841,13298,10212,4040,8079,16157,15930,15476,14568,12752,9120,1856
3731,7461,14921,13458,10532,4680,9359,2334,4667,9333,2282,4563,9125,1866
3735,7469,14937,13490,10596,4808,9615,2846,5691,11381,6378,12755,9126,1868
3739,7477,14953,13522,10660,4936,9871,3358,6715,13429,10474,4564,9127,1870
3743,7485,14969,13554,10724,5064,10127,3870,7739,15477,14570,12756,9128,1872
3751,7501,15001,13618,10852,5320,10639,4894,9787,3190,6379,12757,9130,1876
3755,7509,15017,13650,10916,5448,10895,5406,10811,5238,10475,4566,9131,1878
3759,7517,15033,13682,10980,5576,11151,5918,11835,7286,14571,12758,9132,1880
3763,7525,15049,13714,11044,5704,11407,6430,12859,9334,2284,4567,9133,1882
3767,7533,15065,13746,11108,5832,11663,6942,13883,11382,6380,12759,9134,1884
3771,7541,15081,13778,11172,5960,11919,7454,14907,13430,10476,4568,9135,1886
3775,7549,15097,13810,11236,6088,12175,7966,15931,15478,14572,12760,9136,1888
3787,7573,15145,13906,11428,6472,12943,9502,2620,5239,10477,4570,9139,1894
3791,7581,15161,13938,11492,6600,13199,10014,3644,7287,14573,12762,9140,1896
3795,7589,15177,13970,11556,6728,13455,10526,4668,9335,2286,4571,9141,1898
3799,7597,15193,14002,11620,6856,13711,11038,5692,11383,6382,12763,9142,1900
3803,7605,15209,14034,11684,6984,13967,11550,6716,13431,10478,4572,9143,1902
3807,7613,15225,14066,11748,7112,14223,12062,7740,15479,14574,12764,9144,1904
3815,7629,15257,14130,11876,7368,14735,13086,9788,3192,6383,12765,9146,1908
3819,7637,15273,14162,11940,7496,14991,13598,10812,5240,10479,4574,9147,1910
3823,7645,15289,14194,12004,7624,15247,14110,11836,7288,14575,12766,9148,1912
3827,7653,15305,14226,12068,7752,15503,14622,12860,9336,2288,4575,9149,1914
3831,7661,15321,14258,12132,7880,15759,15134,13884,11384,6384,12767,9150,1916
3835,7669,15337,14290,12196,8008,16015,15646,14908,13432,10480,4576,9151,1918
3839,7677,15353,14322,12260,8136,16271,16158,15932,15480,14576,12768,9152,1920
3871,7741,15481,14578,12772,9160,1936
3879,7757,15513,14642,12900,9416,2448,4895,9789,3194,6387,12773,9162,1940
3883,7765,15529,14674,12964,9544,2704,5407,10813,5242,10483,4582,9163,1942
3887,7773,15545,14706,13028,9672,2960,5919,11837,7290,14579,12774,9164,1944
3891,7781,15561,14738,13092,9800,3216,6431,12861,9338,2292,4583,9165,1946
3895,7789,15577,14770,13156,9928,3472,6943,13885,11386,6388,12775,9166,1948
3899,7797,15593,14802,13220,10056,3728,7455,14909,13434,10484,4584,9167,1950
3903,7805,15609,14834,13284,10184,3984,7967,15933,15482,14580,12776,9168,1952
3915,7829,15657,14930,13476,10568,4752,9503,2622,5243,10485,4586,9171,1958
3919,7837,15673,14962,13540,10696,5008,10015,3646,7291,14581,12778,9172,1960
3923,7845,15689,14994,13604,10824,5264,10527,4670,9339,2294,4587,9173,1962
3927,7853,15705,15026,13668,10952,5520,11039,5694,11387,6390,12779,9174,1964
3931,7861,15721,15058,13732,11080,5776,11551,6718,13435,10486,4588,9175,1966
3935,7869,15737,15090,13796,11208,6032,12063,7742,15483,14582,12780,9176,1968
3943,7885,15769,15154,13924,11464,6544,13087,9790,3196,6391,12781,9178,1972
3947,7893,15785,15186,13988,11592,6800,13599,10814,5244,10487,4590,9179,1974
3951,7901,15801,15218,14052,11720,7056,14111,11838,7292,14583,12782,9180,1976
3955,7909,15817,15250,14116,11848,7312,14623,12862,9340,2296,4591,9181,1978
3959,7917,15833,15282,14180,11976,7568,15135,13886,11388,6392,12783,9182,1980
3963,7925,15849,15314,14244,12104,7824,15647,14910,13436,10488,4592,9183,1982
3967,7933,15865,15346,14308,12232,8080,16159,15934,15484,14584,12784,9184,1984
3987,7973,15945,15506,14628,12872,9360,2336,4671,9341,2298,4595,9189,1994
3991,7981,15961,15538,14692,13000,9616,2848,5695,11389,6394,12787,9190,1996
3995,7989,15977,15570,14756,13128,9872,3360,6719,13437,10490,4596,9191,1998
3999,7997,15993,15602,14820,13256,10128,3872,7743,15485,14586,12788,9192,2000
4007,8013,16025,15666,14948,13512,10640,4896,9791,3198,6395,12789,9194,2004
4011,8021,16041,15698,15012,13640,10896,5408,10815,5246,10491,4598,9195,2006
4015,8029,16057,15730,15076,13768,11152,5920,11839,7294,14587,12790,9196,2008
4019,8037,16073,15762,15140,13896,11408,6432,12863,9342,2300,4599,9197,2010
4023,8045,16089,15794,15204,14024,11664,6944,13887,11390,6396,12791,9198,2012
4027,8053,16105,15826,15268,14152,11920,7456,14911,13438,10492,4600,9199,2014
4031,8061,16121,15858,15332,14280,12176,7968,15935,15486,14588,12792,9200,2016
4043,8085,16169,15954,15524,14664,12944,9504,2624,5247,10493,4602,9203,2022
4047,8093,16185,15986,15588,14792,13200,10016,3648,7295,14589,12794,9204,2024
4051,8101,16201,16018,15652,14920,13456,10528,4672,9343,2302,4603,9205,2026
4055,8109,16217,16050,15716,15048,13712,11040,5696,11391,6398,12795,9206,2028
4059,8117,16233,16082,15780,15176,13968,11552,6720,13439,10494,4604,9207,2030
4063,8125,16249,16114,15844,15304,14224,12064,7744,15487,14590,12796,9208,2032
4071,8141,16281,16178,15972,15560,14736,13088,9792,3200,6399,12797,9210,2036
4075,8149,16297,16210,16036,15688,14992,13600,10816,5248,10495,4606,9211,2038
4079,8157,16313,16242,16100,15816,15248,14112,11840,7296,14591,12798,9212,2040
4083,8165,16329,16274,16164,15944,15504,14624,12864,9344,2304,4607,9213,2042
4087,8173,16345,16306,16228,16072,15760,15136,13888,11392,6400,12799,9214,2044
4091,8181,16361,16338,16292,16200,16016,15648,14912,13440,10496,4608,9215,2046
4095,8189,16377,16370,16356,16328,16272,16160,15936,15488,14592,12800,9216,2048
4683,9365,2346,4691,9381,2378,4755,9509,2634,5267,10533,4682,9363,2342
4687,9373,2362,4723,9445,2506,5011,10021,3658,7315,14629,12874,9364,2344
4695,9389,2394,4787,9573,2762,5523,11045,5706,11411,6438,12875,9366,2348
4699,9397,2410,4819,9637,2890,5779,11557,6730,13459,10534,4684,9367,2350
4703,9405,2426,4851,9701,3018,6035,12069,7754,15507,14630,12876,9368,2352
4711,9421,2458,4915,9829,3274,6547,13093,9802,3220,6439,12877,9370,2356
4715,9429,2474,4947,9893,3402,6803,13605,10826,5268,10535,4686,9371,2358
4719,9437,2490,4979,9957,3530,7059,14117,11850,7316,14631,12878,9372,2360
4727,9453,2522,5043,10085,3786,7571,15141,13898,11412,6440,12879,9374,2364
4731,9461,2538,5075,10149,3914,7827,15653,14922,13460,10536,4688,9375,2366
4735,9469,2554,5107,10213,4042,8083,16165,15946,15508,14632,12880,9376,2368
4759,9517,2650,5299,10597,4810,9619,2854,5707,11413,6442,12883,9382,2380
4763,9525,2666,5331,10661,4938,9875,3366,6731,13461,10538,4692,9383,2382
4767,9533,2682,5363,10725,5066,10131,3878,7755,15509,14634,12884,9384,2384
4775,9549,2714,5427,10853,5322,10643,4902,9803,3222,6443,12885,9386,2388
4779,9557,2730,5459,10917,5450,10899,5414,10827,5270,10539,4694,9387,2390
4783,9565,2746,5491,10981,5578,11155,5926,11851,7318,14635,12886,9388,2392
4791,9581,2778,5555,11109,5834,11667,6950,13899,11414,6444,12887,9390,2396
4795,9589,2794,5587,11173,5962,11923,7462,14923,13462,10540,4696,9391,2398
4799,9597,2810,5619,11237,6090,12179,7974,15947,15510,14636,12888,9392,2400
4811,9621,2858,5715,11429,6474,12947,9510,2636,5271,10541,4698,9395,2406
4815,9629,2874,5747,11493,6602,13203,10022,3660,7319,14637,12890,9396,2408
4823,9645,2906,5811,11621,6858,13715,11046,5708,11415,6446,12891,9398,2412
4827,9653,2922,5843,11685,6986,13971,11558,6732,13463,10542,4700,9399,2414
4831,9661,2938,5875,11749,7114,14227,12070,7756,15511,14638,12892,9400,2416
4839,9677,2970,5939,11877,7370,14739,13094,9804,3224,6447,12893,9402,2420
4843,9685,2986,5971,11941,7498,14995,13606,10828,5272,10543,4702,9403,2422
4847,9693,3002,6003,12005,7626,15251,14118,11852,7320,14639,12894,9404,2424
4855,9709,3034,6067,12133,7882,15763,15142,13900,11416,6448,12895,9406,2428
4859,9717,3050,6099,12197,8010,16019,15654,14924,13464,10544,4704,9407,2430
4863,9725,3066,6131,12261,8138,16275,16166,15948,15512,14640,12896,9408,2432
4903,9805,3226,6451,12901,9418,2452
4907,9813,3242,6483,12965,9546,2708,5415,10829,5274,10547,4710,9419,2454
4911,9821,3258,6515,13029,9674,2964,5927,11853,7322,14643,12902,9420,2456
4919,9837,3290,6579,13157,9930,3476,6951,13901,11418,6452,12903,9422,2460
4923,9845,3306,6611,13221,10058,3732,7463,14925,13466,10548,4712,9423,2462
4927,9853,3322,6643,13285,10186,3988,7975,15949,15514,14644,12904,9424,2464
4939,9877,3370,6739,13477,10570,4756,9511,2638,5275,10549,4714,9427,2470
4943,9885,3386,6771,13541,10698,5012,10023,3662,7323,14645,12906,9428,2472
4951,9901,3418,6835,13669,10954,5524,11047,5710,11419,6454,12907,9430,2476
4955,9909,3434,6867,13733,11082,5780,11559,6734,13467,10550,4716,9431,2478
4959,9917,3450,6899,13797,11210,6036,12071,7758,15515,14646,12908,9432,2480
4967,9933,3482,6963,13925,11466,6548,13095,9806,3228,6455,12909,9434,2484
4971,9941,3498,6995,13989,11594,6804,13607,10830,5276,10551,4718,9435,2486
4975,9949,3514,7027,14053,11722,7060,14119,11854,7324,14647,12910,9436,2488
4983,9965,3546,7091,14181,11978,7572,15143,13902,11420,6456,12911,9438,2492
4987,9973,3562,7123,14245,12106,7828,15655,14926,13468,10552,4720,9439,2494
4991,9981,3578,7155,14309,12234,8084,16167,15950,15516,14648,12912,9440,2496
5015,10029,3674,7347,14693,13002,9620,2856,5711,11421,6458,12915,9446,2508
5019,10037,3690,7379,14757,13130,9876,3368,6735,13469,10554,4724,9447,2510
5023,10045,3706,7411,14821,13258,10132,3880,7759,15517,14650,12916,9448,2512
5031,10061,3738,7475,14949,13514,10644,4904,9807,3230,6459,12917,9450,2516
5035,10069,3754,7507,15013,13642,10900,5416,10831,5278,10555,4726,9451,2518
5039,10077,3770,7539,15077,13770,11156,5928,11855,7326,14651,12918,9452,2520
5047,10093,3802,7603,15205,14026,11668,6952,13903,11422,6460,12919,9454,2524
5051,10101,3818,7635,15269,14154,11924,7464,14927,13470,10556,4728,9455,2526
5055,10109,3834,7667,15333,14282,12180,7976,15951,15518,14652,12920,9456,2528
5067,10133,3882,7763,15525,14666,12948,9512,2640,5279,10557,4730,9459,2534
5071,10141,3898,7795,15589,14794,13204,10024,3664,7327,14653,12922,9460,2536
5079,10157,3930,7859,15717,15050,13716,11048,5712,11423,6462,12923,9462,2540
5083,10165,3946,7891,15781,15178,13972,11560,6736,13471,10558,4732,9463,2542
5087,10173,3962,7923,15845,15306,14228,12072,7760,15519,14654,12924,9464,2544
5095,10189,3994,7987,15973,15562,14740,13096,9808,3232,6463,12925,9466,2548
5099,10197,4010,8019,16037,15690,14996,13608,10832,5280,10559,4734,9467,2550
5103,10205,4026,8051,16101,15818,15252,14120,11856,7328,14655,12926,9468,2552
5111,10221,4058,8115,16229,16074,15764,15144,13904,11424,6464,12927,9470,2556
5115,10229,4074,8147,16293,16202,16020,15656,14928,13472,10560,4736,9471,2558
5119,10237,4090,8179,16357,16330,16276,16168,15952,15520,14656,12928,9472,2560
5287,10573,4762,9523,2662,5323,10645,4906,9811,3238,6475,12949,9514,2644
5291,10581,4778,9555,2726,5451,10901,5418,10835,5286,10571,4758,9515,2646
5295,10589,4794,9587,2790,5579,11157,5930,11859,7334,14667,12950,9516,2648
5303,10605,4826,9651,2918,5835,11669,6954,13907,11430,6476,12951,9518,2652
5307,10613,4842,9683,2982,5963,11925,7466,14931,13478,10572,4760,9519,2654
5311,10621,4858,9715,3046,6091,12181,7978,15955,15526,14668,12952,9520,2656
5327,10653,4922,9843,3302,6603,13205,10026,3668,7335,14669,12954,9524,2664
5335,10669,4954,9907,3430,6859,13717,11050,5716,11431,6478,12955,9526,2668
5339,10677,4970,9939,3494,6987,13973,11562,6740,13479,10574,4764,9527,2670
5343,10685,4986,9971,3558,7115,14229,12074,7764,15527,14670,12956,9528,2672
5351,10701,5018,10035,3686,7371,14741,13098,9812,3240,6479,12957,9530,2676
5355,10709,5034,10067,3750,7499,14997,13610,10836,5288,10575,4766,9531,2678
5359,10717,5050,10099,3814,7627,15253,14122,11860,7336,14671,12958,9532,2680
5367,10733,5082,10163,3942,7883,15765,15146,13908,11432,6480,12959,9534,2684
5371,10741,5098,10195,4006,8011,16021,15658,14932,13480,10576,4768,9535,2686
5375,10749,5114,10227,4070,8139,16277,16170,15956,15528,14672,12960,9536,2688
5419,10837,5290,10579,4774,9547,2710
5423,10845,5306,10611,4838,9675,2966,5931,11861,7338,14675,12966,9548,2712
5431,10861,5338,10675,4966,9931,3478,6955,13909,11434,6484,12967,9550,2716
5435,10869,5354,10707,5030,10059,3734,7467,14933,13482,10580,4776,9551,2718
5439,10877,5370,10739,5094,10187,3990,7979,15957,15530,14676,12968,9552,2720
5455,10909,5434,10867,5350,10699,5014,10027,3670,7339,14677,12970,9556,2728
5463,10925,5466,10931,5478,10955,5526,11051,5718,11435,6486,12971,9558,2732
5467,10933,5482,10963,5542,11083,5782,11563,6742,13483,10582,4780,9559,2734
5471,10941,5498,10995,5606,11211,6038,12075,7766,15531,14678,12972,9560,2736
5479,10957,5530,11059,5734,11467,6550,13099,9814,3244,6487,12973,9562,2740
5483,10965,5546,11091,5798,11595,6806,13611,10838,5292,10583,4782,9563,2742
5487,10973,5562,11123,5862,11723,7062,14123,11862,7340,14679,12974,9564,2744
5495,10989,5594,11187,5990,11979,7574,15147,13910,11436,6488,12975,9566,2748
5499,10997,5610,11219,6054,12107,7830,15659,14934,13484,10584,4784,9567,2750
5503,11005,5626,11251,6118,12235,8086,16171,15958,15532,14680,12976,9568,2752
5527,11053,5722,11443,6502,13003,9622,2860,5719,11437,6490,12979,9574,2764
5531,11061,5738,11475,6566,13131,9878,3372,6743,13485,10586,4788,9575,2766
5535,11069,5754,11507,6630,13259,10134,3884,7767,15533,14682,12980,9576,2768
5543,11085,5786,11571,6758,13515,10646,4908,9815,3246,6491,12981,9578,2772
5547,11093,5802,11603,6822,13643,10902,5420,10839,5294,10587,4790,9579,2774
5551,11101,5818,11635,6886,13771,11158,5932,11863,7342,14683,12982,9580,2776
5559,11117,5850,11699,7014,14027,11670,6956,13911,11438,6492,12983,9582,2780
5563,11125,5866,11731,7078,14155,11926,7468,14935,13486,10588,4792,9583,2782
5567,11133,5882,11763,7142,14283,12182,7980,15959,15534,14684,12984,9584,2784
5583,11165,5946,11891,7398,14795,13206,10028,3672,7343,14685,12986,9588,2792
5591,11181,5978,11955,7526,15051,13718,11052,5720,11439,6494,12987,9590,2796
5595,11189,5994,11987,7590,15179,13974,11564,6744,13487,10590,4796,9591,2798
5599,11197,6010,12019,7654,15307,14230,12076,7768,15535,14686,12988,9592,2800
5607,11213,6042,12083,7782,15563,14742,13100,9816,3248,6495,12989,9594,2804
5611,11221,6058,12115,7846,15691,14998,13612,10840,5296,10591,4798,9595,2806
5615,11229,6074,12147,7910,15819,15254,14124,11864,7344,14687,12990,9596,2808
5623,11245,6106,12211,8038,16075,15766,15148,13912,11440,6496,12991,9598,2812
5627,11253,6122,12243,8102,16203,16022,15660,14936,13488,10592,4800,9599,2814
5631,11261,6138,12275,8166,16331,16278,16172,15960,15536,14688,12992,9600,2816
5723,11445,6506,13011,9638,2892,5783,11565,6746,13491,10598,4812,9623,2862
5727,11453,6522,13043,9702,3020,6039,12077,7770,15539,14694,13004,9624,2864
5735,11469,6554,13107,9830,3276,6551,13101,9818,3252,6503,13005,9626,2868
5739,11477,6570,13139,9894,3404,6807,13613,10842,5300,10599,4814,9627,2870
5743,11485,6586,13171,9958,3532,7063,14125,11866,7348,14695,13006,9628,2872
5751,11501,6618,13235,10086,3788,7575,15149,13914,11444,6504,13007,9630,2876
5755,11509,6634,13267,10150,3916,7831,15661,14938,13492,10600,4816,9631,2878
5759,11517,6650,13299,10214,4044,8087,16173,15962,15540,14696,13008,9632,2880
5787,11573,6762,13523,10662,4940,9879,3374,6747,13493,10602,4820,9639,2894
5791,11581,6778,13555,10726,5068,10135,3886,7771,15541,14698,13012,9640,2896
5799,11597,6810,13619,10854,5324,10647,4910,9819,3254,6507,13013,9642,2900
5803,11605,6826,13651,10918,5452,10903,5422,10843,5302,10603,4822,9643,2902
5807,11613,6842,13683,10982,5580,11159,5934,11867,7350,14699,13014,9644,2904
5815,11629,6874,13747,11110,5836,11671,6958,13915,11446,6508,13015,9646,2908
5819,11637,6890,13779,11174,5964,11927,7470,14939,13494,10604,4824,9647,2910
5823,11645,6906,13811,11238,6092,12183,7982,15963,15542,14700,13016,9648,2912
5839,11677,6970,13939,11494,6604,13207,10030,3676,7351,14701,13018,9652,2920
5847,11693,7002,14003,11622,6860,13719,11054,5724,11447,6510,13019,9654,2924
5851,11701,7018,14035,11686,6988,13975,11566,6748,13495,10606,4828,9655,2926
5855,11709,7034,14067,11750,7116,14231,12078,7772,15543,14702,13020,9656,2928
5863,11725,7066,14131,11878,7372,14743,13102,9820,3256,6511,13021,9658,2932
5867,11733,7082,14163,11942,7500,14999,13614,10844,5304,10607,4830,9659,2934
5871,11741,7098,14195,12006,7628,15255,14126,11868,7352,14703,13022,9660,2936
5879,11757,7130,14259,12134,7884,15767,15150,13916,11448,6512,13023,9662,2940
5883,11765,7146,14291,12198,8012,16023,15662,14940,13496,10608,4832,9663,2942
5887,11773,7162,14323,12262,8140,16279,16174,15964,15544,14704,13024,9664,2944
5935,11869,7354,14707,13030,9676,2968
5943,11885,7386,14771,13158,9932,3480,6959,13917,11450,6516,13031,9678,2972
5947,11893,7402,14803,13222,10060,3736,7471,14941,13498,10612,4840,9679,2974
5951,11901,7418,14835,13286,10188,3992,7983,15965,15546,14708,13032,9680,2976
5967,11933,7482,14963,13542,10700,5016,10031,3678,7355,14709,13034,9684,2984
5975,11949,7514,15027,13670,10956,5528,11055,5726,11451,6518,13035,9686,2988
5979,11957,7530,15059,13734,11084,5784,11567,6750,13499,10614,4844,9687,2990
5983,11965,7546,15091,13798,11212,6040,12079,7774,15547,14710,13036,9688,2992
5991,11981,7578,15155,13926,11468,6552,13103,9822,3260,6519,13037,9690,2996
5995,11989,7594,15187,13990,11596,6808,13615,10846,5308,10615,4846,9691,2998
5999,11997,7610,15219,14054,11724,7064,14127,11870,7356,14711,13038,9692,3000
6007,12013,7642,15283,14182,11980,7576,15151,13918,11452,6520,13039,9694,3004
6011,12021,7658,15315,14246,12108,7832,15663,14942,13500,10616,4848,9695,3006
6015,12029,7674,15347,14310,12236,8088,16175,15966,15548,14712,13040,9696,3008
6043,12085,7786,15571,14758,13132,9880,3376,6751,13501,10618,4852,9703,3022
6047,12093,7802,15603,14822,13260,10136,3888,7775,15549,14714,13044,9704,3024
6055,12109,7834,15667,14950,13516,10648,4912,9823,3262,6523,13045,9706,3028
6059,12117,7850,15699,15014,13644,10904,5424,10847,5310,10619,4854,9707,3030
6063,12125,7866,15731,15078,13772,11160,5936,11871,7358,14715,13046,9708,3032
6071,12141,7898,15795,15206,14028,11672,6960,13919,11454,6524,13047,9710,3036
6075,12149,7914,15827,15270,14156,11928,7472,14943,13502,10620,4856,9711,3038
6079,12157,7930,15859,15334,14284,12184,7984,15967,15550,14716,13048,9712,3040
6095,12189,7994,15987,15590,14796,13208,10032,3680,7359,14717,13050,9716,3048
6103,12205,8026,16051,15718,15052,13720,11056,5728,11455,6526,13051,9718,3052
6107,12213,8042,16083,15782,15180,13976,11568,6752,13503,10622,4860,9719,3054
6111,12221,8058,16115,15846,15308,14232,12080,7776,15551,14718,13052,9720,3056
6119,12237,8090,16179,15974,15564,14744,13104,9824,3264,6527,13053,9722,3060
6123,12245,8106,16211,16038,15692,15000,13616,10848,5312,10623,4862,9723,3062
6127,12253,8122,16243,16102,15820,15256,14128,11872,7360,14719,13054,9724,3064
6135,12269,8154,16307,16230,16076,15768,15152,13920,11456,6528,13055,9726,3068
6139,12277,8170,16339,16294,16204,16024,15664,14944,13504,10624,4864,9727,3070
6143,12285,8186,16371,16358,16332,16280,16176,15968,15552,14720,13056,9728,3072
6555,13109,9834,3284,6567,13133,9882,3380,6759,13517,10650,4916,9831,3278
6559,13117,9850,3316,6631,13261,10138,3892,7783,15565,14746,13108,9832,3280
6571,13141,9898,3412,6823,13645,10906,5428,10855,5326,10651,4918,9835,3286
6575,13149,9914,3444,6887,13773,11162,5940,11879,7374,14747,13110,9836,3288
6583,13165,9946,3508,7015,14029,11674,6964,13927,11470,6556,13111,9838,3292
6587,13173,9962,3540,7079,14157,11930,7476,14951,13518,10652,4920,9839,3294
6591,13181,9978,3572,7143,14285,12186,7988,15975,15566,14748,13112,9840,3296
6607,13213,10042,3700,7399,14797,13210,10036,3688,7375,14749,13114,9844,3304
6615,13229,10074,3764,7527,15053,13722,11060,5736,11471,6558,13115,9846,3308
6619,13237,10090,3796,7591,15181,13978,11572,6760,13519,10654,4924,9847,3310
6623,13245,10106,3828,7655,15309,14234,12084,7784,15567,14750,13116,9848,3312
6635,13269,10154,3924,7847,15693,15002,13620,10856,5328,10655,4926,9851,3318
6639,13277,10170,3956,7911,15821,15258,14132,11880,7376,14751,13118,9852,3320
6647,13293,10202,4020,8039,16077,15770,15156,13928,11472,6560,13119,9854,3324
6651,13301,10218,4052,8103,16205,16026,15668,14952,13520,10656,4928,9855,3326
6655,13309,10234,4084,8167,16333,16282,16180,15976,15568,14752,13120,9856,3328
6763,13525,10666,4948,9895,3406,6811,13621,10858,5332,10663,4942,9883,3382
6767,13533,10682,4980,9959,3534,7067,14133,11882,7380,14759,13134,9884,3384
6775,13549,10714,5044,10087,3790,7579,15157,13930,11476,6568,13135,9886,3388
6779,13557,10730,5076,10151,3918,7835,15669,14954,13524,10664,4944,9887,3390
6783,13565,10746,5108,10215,4046,8091,16181,15978,15572,14760,13136,9888,3392
6815,13629,10874,5364,10727,5070,10139,3894,7787,15573,14762,13140,9896,3408
6827,13653,10922,5460,10919,5454,10907,5430,10859,5334,10667,4950,9899,3414
6831,13661,10938,5492,10983,5582,11163,5942,11883,7382,14763,13142,9900,3416
6839,13677,10970,5556,11111,5838,11675,6966,13931,11478,6572,13143,9902,3420
6843,13685,10986,5588,11175,5966,11931,7478,14955,13526,10668,4952,9903,3422
6847,13693,11002,5620,11239,6094,12187,7990,15979,15574,14764,13144,9904,3424
6863,13725,11066,5748,11495,6606,13211,10038,3692,7383,14765,13146,9908,3432
6871,13741,11098,5812,11623,6862,13723,11062,5740,11479,6574,13147,9910,3436
6875,13749,11114,5844,11687,6990,13979,11574,6764,13527,10670,4956,9911,3438
6879,13757,11130,5876,11751,7118,14235,12086,7788,15575,14766,13148,9912,3440
6891,13781,11178,5972,11943,7502,15003,13622,10860,5336,10671,4958,9915,3446
6895,13789,11194,6004,12007,7630,15259,14134,11884,7384,14767,13150,9916,3448
6903,13805,11226,6068,12135,7886,15771,15158,13932,11480,6576,13151,9918,3452
6907,13813,11242,6100,12199,8014,16027,15670,14956,13528,10672,4960,9919,3454
6911,13821,11258,6132,12263,8142,16283,16182,15980,15576,14768,13152,9920,3456
6967,13933,11482,6580,13159,9934,3484
6971,13941,11498,6612,13223,10062,3740,7479,14957,13530,10676,4968,9935,3486
6975,13949,11514,6644,13287,10190,3996,7991,15981,15578,14772,13160,9936,3488
6991,13981,11578,6772,13543,10702,5020,10039,3694,7387,14773,13162,9940,3496
6999,13997,11610,6836,13671,10958,5532,11063,5742,11483,6582,13163,9942,3500
7003,14005,11626,6868,13735,11086,5788,11575,6766,13531,10678,4972,9943,3502
7007,14013,11642,6900,13799,11214,6044,12087,7790,15579,14774,13164,9944,3504
7019,14037,11690,6996,13991,11598,6812,13623,10862,5340,10679,4974,9947,3510
7023,14045,11706,7028,14055,11726,7068,14135,11886,7388,14775,13166,9948,3512
7031,14061,11738,7092,14183,11982,7580,15159,13934,11484,6584,13167,9950,3516
7035,14069,11754,7124,14247,12110,7836,15671,14958,13532,10680,4976,9951,3518
7039,14077,11770,7156,14311,12238,8092,16183,15982,15580,14776,13168,9952,3520
7071,14141,11898,7412,14823,13262,10140,3896,7791,15581,14778,13172,9960,3536
7083,14165,11946,7508,15015,13646,10908,5432,10863,5342,10683,4982,9963,3542
7087,14173,11962,7540,15079,13774,11164,5944,11887,7390,14779,13174,9964,3544
7095,14189,11994,7604,15207,14030,11676,6968,13935,11486,6588,13175,9966,3548
7099,14197,12010,7636,15271,14158,11932,7480,14959,13534,10684,4984,9967,3550
7103,14205,12026,7668,15335,14286,12188,7992,15983,15582,14780,13176,9968,3552
7119,14237,12090,7796,15591,14798,13212,10040,3696,7391,14781,13178,9972,3560
7127,14253,12122,7860,15719,15054,13724,11064,5744,11487,6590,13179,9974,3564
7131,14261,12138,7892,15783,15182,13980,11576,6768,13535,10686,4988,9975,3566
7135,14269,12154,7924,15847,15310,14236,12088,7792,15583,14782,13180,9976,3568
7147,14293,12202,8020,16039,15694,15004,13624,10864,5344,10687,4990,9979,3574
7151,14301,12218,8052,16103,15822,15260,14136,11888,7392,14783,13182,9980,3576
7159,14317,12250,8116,16231,16078,15772,15160,13936,11488,6592,13183,9982,3580
7163,14325,12266,8148,16295,16206,16028,15672,14960,13536,10688,4992,9983,3582
7167,14333,12282,8180,16359,16334,16284,16184,15984,15584,14784,13184,9984,3584
7403,14805,13226,10068,3752,7503,15005,13626,10868,5352,10703,5022,10043,3702
7407,14813,13242,10100,3816,7631,15261,14138,11892,7400,14799,13214,10044,3704
7415,14829,13274,10164,3944,7887,15773,15162,13940,11496,6608,13215,10046,3708
7419,14837,13290,10196,4008,8015,16029,15674,14964,13544,10704,5024,10047,3710
7423,14845,13306,10228,4072,8143,16285,16186,15988,15592,14800,13216,10048,3712
7483,14965,13546,10708,5032,10063,3742
7487,14973,13562,10740,5096,10191,3998,7995,15989,15594,14804,13224,10064,3744
7511,15021,13658,10932,5480,10959,5534,11067,5750,11499,6614,13227,10070,3756
7515,15029,13674,10964,5544,11087,5790,11579,6774,13547,10710,5036,10071,3758
7519,15037,13690,10996,5608,11215,6046,12091,7798,15595,14806,13228,10072,3760
7531,15061,13738,11092,5800,11599,6814,13627,10870,5356,10711,5038,10075,3766
7535,15069,13754,11124,5864,11727,7070,14139,11894,7404,14807,13230,10076,3768
7543,15085,13786,11188,5992,11983,7582,15163,13942,11500,6616,13231,10078,3772
7547,15093,13802,11220,6056,12111,7838,15675,14966,13548,10712,5040,10079,3774
7551,15101,13818,11252,6120,12239,8094,16187,15990,15596,14808,13232,10080,3776
7583,15165,13946,11508,6632,13263,10142,3900,7799,15597,14810,13236,10088,3792
7595,15189,13994,11604,6824,13647,10910,5436,10871,5358,10715,5046,10091,3798
7599,15197,14010,11636,6888,13775,11166,5948,11895,7406,14811,13238,10092,3800
7607,15213,14042,11700,7016,14031,11678,6972,13943,11502,6620,13239,10094,3804
7611,15221,14058,11732,7080,14159,11934,7484,14967,13550,10716,5048,10095,3806
7615,15229,14074,11764,7144,14287,12190,7996,15991,15598,14812,13240,10096,3808
7639,15277,14170,11956,7528,15055,13726,11068,5752,11503,6622,13243,10102,3820
7643,15285,14186,11988,7592,15183,13982,11580,6776,13551,10718,5052,10103,3822
7647,15293,14202,12020,7656,15311,14238,12092,7800,15599,14814,13244,10104,3824
7659,15317,14250,12116,7848,15695,15006,13628,10872,5360,10719,5054,10107,3830
7663,15325,14266,12148,7912,15823,15262,14140,11896,7408,14815,13246,10108,3832
7671,15341,14298,12212,8040,16079,15774,15164,13944,11504,6624,13247,10110,3836
7675,15349,14314,12244,8104,16207,16030,15676,14968,13552,10720,5056,10111,3838
7679,15357,14330,12276,8168,16335,16286,16188,15992,15600,14816,13248,10112,3840
7803,15605,14826,13268,10152,3920,7839,15677,14970,13556,10728,5072,10143,3902
7807,15613,14842,13300,10216,4048,8095,16189,15994,15604,14824,13264,10144,3904
7851,15701,15018,13652,10920,5456,10911,5438,10875,5366,10731,5078,10155,3926
7855,15709,15034,13684,10984,5584,11167,5950,11899,7414,14827,13270,10156,3928
7863,15725,15066,13748,11112,5840,11679,6974,13947,11510,6636,13271,10158,3932
7867,15733,15082,13780,11176,5968,11935,7486,14971,13558,10732,5080,10159,3934
7871,15741,15098,13812,11240,6096,12191,7998,15995,15606,14828,13272,10160,3936
7895,15789,15194,14004,11624,6864,13727,11070,5756,11511,6638,13275,10166,3948
7899,15797,15210,14036,11688,6992,13983,11582,6780,13559,10734,5084,10167,3950
7903,15805,15226,14068,11752,7120,14239,12094,7804,15607,14830,13276,10168,3952
7915,15829,15274,14164,11944,7504,15007,13630,10876,5368,10735,5086,10171,3958
7919,15837,15290,14196,12008,7632,15263,14142,11900,7416,14831,13278,10172,3960
7927,15853,15322,14260,12136,7888,15775,15166,13948,11512,6640,13279,10174,3964
7931,15861,15338,14292,12200,8016,16031,15678,14972,13560,10736,5088,10175,3966
7935,15869,15354,14324,12264,8144,16287,16190,15996,15608,14832,13280,10176,3968
7999,15997,15610,14836,13288,10192,4000
8023,16045,15706,15028,13672,10960,5536,11071,5758,11515,6646,13291,10198,4012
8027,16053,15722,15060,13736,11088,5792,11583,6782,13563,10742,5100,10199,4014
8031,16061,15738,15092,13800,11216,6048,12095,7806,15611,14838,13292,10200,4016
8043,16085,15786,15188,13992,11600,6816,13631,10878,5372,10743,5102,10203,4022
8047,16093,15802,15220,14056,11728,7072,14143,11902,7420,14839,13294,10204,4024
8055,16109,15834,15284,14184,11984,7584,15167,13950,11516,6648,13295,10206,4028
8059,16117,15850,15316,14248,12112,7840,15679,14974,13564,10744,5104,10207,4030
8063,16125,15866,15348,14312,12240,8096,16191,15998,15612,14840,13296,10208,4032
8107,16213,16042,15700,15016,13648,10912,5440,10879,5374,10747,5110,10219,4054
8111,16221,16058,15732,15080,13776,11168,5952,11903,7422,14843,13302,10220,4056
8119,16237,16090,15796,15208,14032,11680,6976,13951,11518,6652,13303,10222,4060
8123,16245,16106,15828,15272,14160,11936,7488,14975,13566,10748,5112,10223,4062
8127,16253,16122,15860,15336,14288,12192,8000,15999,15614,14844,13304,10224,4064
8151,16301,16218,16052,15720,15056,13728,11072,5760,11519,6654,13307,10230,4076
8155,16309,16234,16084,15784,15184,13984,11584,6784,13567,10750,5116,10231,4078
8159,16317,16250,16116,15848,15312,14240,12096,7808,15615,14846,13308,10232,4080
8171,16341,16298,16212,16040,15696,15008,13632,10880,5376,10751,5118,10235,4086
8175,16349,16314,16244,16104,15824,15264,14144,11904,7424,14847,13310,10236,4088
8183,16365,16346,16308,16232,16080,15776,15168,13952,11520,6656,13311,10238,4092
8187,16373,16362,16340,16296,16208,16032,15680,14976,13568,10752,5120,10239,4094
8191,16381,16378,16372,16360,16336,16288,16192,16000,15616,14848,13312,10240,4096
10923,5462
10927,5470,10939,5494,10987,5590,11179,5974,11947,7510,15019,13654,10924,5464
10935,5486,10971,5558,11115,5846,11691,6998,13995,11606,6828,13655,10926,5468
10943,5502,11003,5622,11243,6102,12203,8022,16043,15702,15020,13656,10928,5472
10967,5550,11099,5814,11627,6870,13739,11094,5804,11607,6830,13659,10934,5484
10975,5566,11131,5878,11755,7126,14251,12118,7852,15703,15022,13660,10936,5488
10991,5598,11195,6006,12011,7638,15275,14166,11948,7512,15023,13662,10940,5496
10999,5614,11227,6070,12139,7894,15787,15190,13996,11608,6832,13663,10942,5500
11007,5630,11259,6134,12267,8150,16299,16214,16044,15704,15024,13664,10944,5504
11095,5806,11611,6838,13675,10966,5548
11103,5822,11643,6902,13803,11222,6060,12119,7854,15707,15030,13676,10968,5552
11119,5854,11707,7030,14059,11734,7084,14167,11950,7516,15031,13678,10972,5560
11127,5870,11739,7094,14187,11990,7596,15191,13998,11612,6840,13679,10974,5564
11135,5886,11771,7158,14315,12246,8108,16215,16046,15708,15032,13680,10976,5568
11183,5982,11963,7542,15083,13782,11180,5976,11951,7518,15035,13686,10988,5592
11191,5998,11995,7606,15211,14038,11692,7000,13999,11614,6844,13687,10990,5596
11199,6014,12027,7670,15339,14294,12204,8024,16047,15710,15036,13688,10992,5600
11223,6062,12123,7862,15723,15062,13740,11096,5808,11615,6846,13691,10998,5612
11231,6078,12155,7926,15851,15318,14252,12120,7856,15711,15038,13692,11000,5616
11247,6110,12219,8054,16107,15830,15276,14168,11952,7520,15039,13694,11004,5624
11255,6126,12251,8118,16235,16086,15788,15192,14000,11616,6848,13695,11006,5628
11263,6142,12283,8182,16363,16342,16300,16216,16048,15712,15040,13696,11008,5632
11631,6878,13755,11126,5868,11735,7086,14171,11958,7532,15063,13742,11100,5816
11639,6894,13787,11190,5996,11991,7598,15195,14006,11628,6872,13743,11102,5820
11647,6910,13819,11254,6124,12247,8110,16219,16054,15724,15064,13744,11104,5824
11695,7006,14011,11638,6892,13783,11182,5980,11959,7534,15067,13750,11116,5848
11703,7022,14043,11702,7020,14039,11694,7004,14007,11630,6876,13751,11118,5852
11711,7038,14075,11766,7148,14295,12206,8028,16055,15726,15068,13752,11120,5856
11743,7102,14203,12022,7660,15319,14254,12124,7864,15727,15070,13756,11128,5872
11759,7134,14267,12150,7916,15831,15278,14172,11960,7536,15071,13758,11132,5880
11767,7150,14299,12214,8044,16087,15790,15196,14008,11632,6880,13759,11134,5884
11775,7166,14331,12278,8172,16343,16302,16220,16056,15728,15072,13760,11136,5888
11967,7550,15099,13814,11244,6104,12207,8030,16059,15734,15084,13784,11184,5984
11999,7614,15227,14070,11756,7128,14255,12126,7868,15735,15086,13788,11192,6000
12015,7646,15291,14198,12012,7640,15279,14174,11964,7544,15087,13790,11196,6008
12023,7662,15323,14262,12140,7896,15791,15198,14012,11640,6896,13791,11198,6012
12031,7678,15355,14326,12268,8152,16303,16222,16060,15736,15088,13792,11200,6016
12127,7870,15739,15094,13804,11224,6064
12143,7902,15803,15222,14060,11736,7088,14175,11966,7548,15095,13806,11228,6072
12151,7918,15835,15286,14188,11992,7600,15199,14014,11644,6904,13807,11230,6076
12159,7934,15867,15350,14316,12248,8112,16223,16062,15740,15096,13808,11232,6080
12215,8046,16091,15798,15212,14040,11696,7008,14015,11646,6908,13815,11246,6108
12223,8062,16123,15862,15340,14296,12208,8032,16063,15742,15100,13816,11248,6112
12255,8126,16251,16118,15852,15320,14256,12128,7872,15743,15102,13820,11256,6128
12271,8158,16315,16246,16108,15832,15280,14176,11968,7552,15103,13822,11260,6136
12279,8174,16347,16310,16236,16088,15792,15200,14016,11648,6912,13823,11262,6140
12287,8190,16379,16374,16364,16344,16304,16224,16064,15744,15104,13824,11264,6144
14047,11710,7036,14071,11758,7132,14263,12142,7900,15799,15214,14044,11704,7024
14063,11742,7100,14199,12014,7644,15287,14190,11996,7608,15215,14046,11708,7032
14079,11774,7164,14327,12270,8156,16311,16238,16092,15800,15216,14048,11712,7040
14191,11998,7612,15223,14062,11740,7096
14207,12030,7676,15351,14318,12252,8120,16239,16094,15804,15224,14064,11744,7104
14271,12158,7932,15863,15342,14300,12216,8048,16095,15806,15228,14072,11760,7136
14303,12222,8060,16119,15854,15324,14264,12144,7904,15807,15230,14076,11768,7152
14319,12254,8124,16247,16110,15836,15288,14192,12000,7616,15231,14078,11772,7160
14335,12286,8188,16375,16366,16348,16312,16240,16096,15808,15232,14080,11776,7168
15295,14206,12028,7672,15343,14302,12220,8056,16111,15838,15292,14200,12016,7648
15327,14270,12156,7928,15855,15326,14268,12152,7920,15839,15294,14204,12024,7664
15359,14334,12284,8184,16367,16350,16316,16248,16112,15840,15296,14208,12032,7680
15871,15358,14332,12280,8176,16351,16318,16252,16120,15856,15328,14272,12160,7936
16127,15870,15356,14328,12272,8160,16319,16254,16124,15864,15344,14304,12224,8064
16255,16126,15868,15352,14320,12256,8128
16383,16382,16380,16376,16368,16352,16320,16256,16128,15872,15360,14336,12288,8192
16384
