1
3,5,9,17,33,65,129,257,513,1025,2
7,13,25,49,97,193,385,769,1537,1026,4
11,21,41,81,161,321,641,1281,514,1027,6
15,29,57,113,225,449,897,1793,1538,1028,8
19,37,73,145,289,577,1153,258,515,1029,10
23,45,89,177,353,705,1409,770,1539,1030,12
27,53,105,209,417,833,1665,1282,516,1031,14
31,61,121,241,481,961,1921,1794,1540,1032,16
35,69,137,273,545,1089,130,259,517,1033,18
39,77,153,305,609,1217,386,771,1541,1034,20
43,85,169,337,673,1345,642,1283,518,1035,22
47,93,185,369,737,1473,898,1795,1542,1036,24
51,101,201,401,801,1601,1154,260,519,1037,26
55,109,217,433,865,1729,1410,772,1543,1038,28
59,117,233,465,929,1857,1666,1284,520,1039,30
63,125,249,497,993,1985,1922,1796,1544,1040,32
67,133,265,529,1057,66,131,261,521,1041,34
71,141,281,561,1121,194,387,773,1545,1042,36
75,149,297,593,1185,322,643,1285,522,1043,38
79,157,313,625,1249,450,899,1797,1546,1044,40
83,165,329,657,1313,578,1155,262,523,1045,42
87,173,345,689,1377,706,1411,774,1547,1046,44
91,181,361,721,1441,834,1667,1286,524,1047,46
95,189,377,753,1505,962,1923,1798,1548,1048,48
99,197,393,785,1569,1090,132,263,525,1049,50
103,205,409,817,1633,1218,388,775,1549,1050,52
107,213,425,849,1697,1346,644,1287,526,1051,54
111,221,441,881,1761,1474,900,1799,1550,1052,56
115,229,457,913,1825,1602,1156,264,527,1053,58
119,237,473,945,1889,1730,1412,776,1551,1054,60
123,245,489,977,1953,1858,1668,1288,528,1055,62
127,253,505,1009,2017,1986,1924,1800,1552,1056,64
135,269,537,1073,98,195,389,777,1553,1058,68
139,277,553,1105,162,323,645,1289,530,1059,70
143,285,569,1137,226,451,901,1801,1554,1060,72
147,293,585,1169,290,579,1157,266,531,1061,74
151,301,601,1201,354,707,1413,778,1555,1062,76
155,309,617,1233,418,835,1669,1290,532,1063,78
159,317,633,1265,482,963,1925,1802,1556,1064,80
163,325,649,1297,546,1091,134,267,533,1065,82
167,333,665,1329,610,1219,390,779,1557,1066,84
171,341,681,1361,674,1347,646,1291,534,1067,86
175,349,697,1393,738,1475,902,1803,1558,1068,88
179,357,713,1425,802,1603,1158,268,535,1069,90
183,365,729,1457,866,1731,1414,780,1559,1070,92
187,373,745,1489,930,1859,1670,1292,536,1071,94
191,381,761,1521,994,1987,1926,1804,1560,1072,96
199,397,793,1585,1122,196,391,781,1561,1074,100
203,405,809,1617,1186,324,647,1293,538,1075,102
207,413,825,1649,1250,452,903,1805,1562,1076,104
211,421,841,1681,1314,580,1159,270,539,1077,106
215,429,857,1713,1378,708,1415,782,1563,1078,108
219,437,873,1745,1442,836,1671,1294,540,1079,110
223,445,889,1777,1506,964,1927,1806,1564,1080,112
227,453,905,1809,1570,1092,136,271,541,1081,114
231,461,921,1841,1634,1220,392,783,1565,1082,116
235,469,937,1873,1698,1348,648,1295,542,1083,118
239,477,953,1905,1762,1476,904,1807,1566,1084,120
243,485,969,1937,1826,1604,1160,272,543,1085,122
247,493,985,1969,1890,1732,1416,784,1567,1086,124
251,501,1001,2001,1954,1860,1672,1296,544,1087,126
255,509,1017,2033,2018,1988,1928,1808,1568,1088,128
275,549,1097,146,291,581,1161,274,547,1093,138
279,557,1113,178,355,709,1417,786,1571,1094,140
283,565,1129,210,419,837,1673,1298,548,1095,142
287,573,1145,242,483,965,1929,1810,1572,1096,144
295,589,1177,306,611,1221,394,787,1573,1098,148
299,597,1193,338,675,1349,650,1299,550,1099,150
303,605,1209,370,739,1477,906,1811,1574,1100,152
307,613,1225,402,803,1605,1162,276,551,1101,154
311,621,1241,434,867,1733,1418,788,1575,1102,156
315,629,1257,466,931,1861,1674,1300,552,1103,158
319,637,1273,498,995,1989,1930,1812,1576,1104,160
327,653,1305,562,1123,198,395,789,1577,1106,164
331,661,1321,594,1187,326,651,1301,554,1107,166
335,669,1337,626,1251,454,907,1813,1578,1108,168
339,677,1353,658,1315,582,1163,278,555,1109,170
343,685,1369,690,1379,710,1419,790,1579,1110,172
347,693,1385,722,1443,838,1675,1302,556,1111,174
351,701,1401,754,1507,966,1931,1814,1580,1112,176
359,717,1433,818,1635,1222,396,791,1581,1114,180
363,725,1449,850,1699,1350,652,1303,558,1115,182
367,733,1465,882,1763,1478,908,1815,1582,1116,184
371,741,1481,914,1827,1606,1164,280,559,1117,186
375,749,1497,946,1891,1734,1420,792,1583,1118,188
379,757,1513,978,1955,1862,1676,1304,560,1119,190
383,765,1529,1010,2019,1990,1932,1816,1584,1120,192
399,797,1593,1138,228,455,909,1817,1586,1124,200
403,805,1609,1170,292,583,1165,282,563,1125,202
407,813,1625,1202,356,711,1421,794,1587,1126,204
411,821,1641,1234,420,839,1677,1306,564,1127,206
415,829,1657,1266,484,967,1933,1818,1588,1128,208
423,845,1689,1330,612,1223,398,795,1589,1130,212
427,853,1705,1362,676,1351,654,1307,566,1131,214
431,861,1721,1394,740,1479,910,1819,1590,1132,216
435,869,1737,1426,804,1607,1166,284,567,1133,218
439,877,1753,1458,868,1735,1422,796,1591,1134,220
443,885,1769,1490,932,1863,1678,1308,568,1135,222
447,893,1785,1522,996,1991,1934,1820,1592,1136,224
459,917,1833,1618,1188,328,655,1309,570,1139,230
463,925,1849,1650,1252,456,911,1821,1594,1140,232
467,933,1865,1682,1316,584,1167,286,571,1141,234
471,941,1881,1714,1380,712,1423,798,1595,1142,236
475,949,1897,1746,1444,840,1679,1310,572,1143,238
479,957,1913,1778,1508,968,1935,1822,1596,1144,240
487,973,1945,1842,1636,1224,400,799,1597,1146,244
491,981,1961,1874,1700,1352,656,1311,574,1147,246
495,989,1977,1906,1764,1480,912,1823,1598,1148,248
499,997,1993,1938,1828,1608,1168,288,575,1149,250
503,1005,2009,1970,1892,1736,1424,800,1599,1150,252
507,1013,2025,2002,1956,1864,1680,1312,576,1151,254
511,1021,2041,2034,2020,1992,1936,1824,1600,1152,256
587,1173,298,595,1189,330,659,1317,586,1171,294
591,1181,314,627,1253,458,915,1829,1610,1172,296
599,1197,346,691,1381,714,1427,806,1611,1174,300
603,1205,362,723,1445,842,1683,1318,588,1175,302
607,1213,378,755,1509,970,1939,1830,1612,1176,304
615,1229,410,819,1637,1226,404,807,1613,1178,308
619,1237,426,851,1701,1354,660,1319,590,1179,310
623,1245,442,883,1765,1482,916,1831,1614,1180,312
631,1261,474,947,1893,1738,1428,808,1615,1182,316
635,1269,490,979,1957,1866,1684,1320,592,1183,318
639,1277,506,1011,2021,1994,1940,1832,1616,1184,320
663,1325,602,1203,358,715,1429,810,1619,1190,332
667,1333,618,1235,422,843,1685,1322,596,1191,334
671,1341,634,1267,486,971,1941,1834,1620,1192,336
679,1357,666,1331,614,1227,406,811,1621,1194,340
683,1365,682,1363,678,1355,662,1323,598,1195,342
687,1373,698,1395,742,1483,918,1835,1622,1196,344
695,1389,730,1459,870,1739,1430,812,1623,1198,348
699,1397,746,1491,934,1867,1686,1324,600,1199,350
703,1405,762,1523,998,1995,1942,1836,1624,1200,352
719,1437,826,1651,1254,460,919,1837,1626,1204,360
727,1453,858,1715,1382,716,1431,814,1627,1206,364
731,1461,874,1747,1446,844,1687,1326,604,1207,366
735,1469,890,1779,1510,972,1943,1838,1628,1208,368
743,1485,922,1843,1638,1228,408,815,1629,1210,372
747,1493,938,1875,1702,1356,664,1327,606,1211,374
751,1501,954,1907,1766,1484,920,1839,1630,1212,376
759,1517,986,1971,1894,1740,1432,816,1631,1214,380
763,1525,1002,2003,1958,1868,1688,1328,608,1215,382
767,1533,1018,2035,2022,1996,1944,1840,1632,1216,384
823,1645,1242,436,871,1741,1434,820,1639,1230,412
827,1653,1258,468,935,1869,1690,1332,616,1231,414
831,1661,1274,500,999,1997,1946,1844,1640,1232,416
847,1693,1338,628,1255,462,923,1845,1642,1236,424
855,1709,1370,692,1383,718,1435,822,1643,1238,428
859,1717,1386,724,1447,846,1691,1334,620,1239,430
863,1725,1402,756,1511,974,1947,1846,1644,1240,432
875,1749,1450,852,1703,1358,668,1335,622,1243,438
879,1757,1466,884,1767,1486,924,1847,1646,1244,440
887,1773,1498,948,1895,1742,1436,824,1647,1246,444
891,1781,1514,980,1959,1870,1692,1336,624,1247,446
895,1789,1530,1012,2023,1998,1948,1848,1648,1248,448
927,1853,1658,1268,488,975,1949,1850,1652,1256,464
939,1877,1706,1364,680,1359,670,1339,630,1259,470
943,1885,1722,1396,744,1487,926,1851,1654,1260,472
951,1901,1754,1460,872,1743,1438,828,1655,1262,476
955,1909,1770,1492,936,1871,1694,1340,632,1263,478
959,1917,1786,1524,1000,1999,1950,1852,1656,1264,480
983,1965,1882,1716,1384,720,1439,830,1659,1270,492
987,1973,1898,1748,1448,848,1695,1342,636,1271,494
991,1981,1914,1780,1512,976,1951,1854,1660,1272,496
1003,2005,1962,1876,1704,1360,672,1343,638,1275,502
1007,2013,1978,1908,1768,1488,928,1855,1662,1276,504
1015,2029,2010,1972,1896,1744,1440,832,1663,1278,508
1019,2037,2026,2004,1960,1872,1696,1344,640,1279,510
1023,2045,2042,2036,2024,2000,1952,1856,1664,1280,512
1367,686,1371,694,1387,726,1451,854,1707,1366,684
1375,702,1403,758,1515,982,1963,1878,1708,1368,688
1391,734,1467,886,1771,1494,940,1879,1710,1372,696
1399,750,1499,950,1899,1750,1452,856,1711,1374,700
1407,766,1531,1014,2027,2006,1964,1880,1712,1376,704
1455,862,1723,1398,748,1495,942,1883,1718,1388,728
1463,878,1755,1462,876,1751,1454,860,1719,1390,732
1471,894,1787,1526,1004,2007,1966,1884,1720,1392,736
1503,958,1915,1782,1516,984,1967,1886,1724,1400,752
1519,990,1979,1910,1772,1496,944,1887,1726,1404,760
1527,1006,2011,1974,1900,1752,1456,864,1727,1406,764
1535,1022,2043,2038,2028,2008,1968,1888,1728,1408,768
1759,1470,892,1783,1518,988,1975,1902,1756,1464,880
1775,1502,956,1911,1774,1500,952,1903,1758,1468,888
1791,1534,1020,2039,2030,2012,1976,1904,1760,1472,896
1919,1790,1532,1016,2031,2014,1980,1912,1776,1504,960
1983,1918,1788,1528,1008,2015,1982,1916,1784,1520,992
2047,2046,2044,2040,2032,2016,1984,1920,1792,1536,1024
2048
