1
3,5,9,17,33,65,129,257,513,1025,2049,4097,2
7,13,25,49,97,193,385,769,1537,3073,6145,4098,4
11,21,41,81,161,321,641,1281,2561,5121,2050,4099,6
15,29,57,113,225,449,897,1793,3585,7169,6146,4100,8
19,37,73,145,289,577,1153,2305,4609,1026,2051,4101,10
23,45,89,177,353,705,1409,2817,5633,3074,6147,4102,12
27,53,105,209,417,833,1665,3329,6657,5122,2052,4103,14
31,61,121,241,481,961,1921,3841,7681,7170,6148,4104,16
35,69,137,273,545,1089,2177,4353,514,1027,2053,4105,18
39,77,153,305,609,1217,2433,4865,1538,3075,6149,4106,20
43,85,169,337,673,1345,2689,5377,2562,5123,2054,4107,22
47,93,185,369,737,1473,2945,5889,3586,7171,6150,4108,24
51,101,201,401,801,1601,3201,6401,4610,1028,2055,4109,26
55,109,217,433,865,1729,3457,6913,5634,3076,6151,4110,28
59,117,233,465,929,1857,3713,7425,6658,5124,2056,4111,30
63,125,249,497,993,1985,3969,7937,7682,7172,6152,4112,32
67,133,265,529,1057,2113,4225,258,515,1029,2057,4113,34
71,141,281,561,1121,2241,4481,770,1539,3077,6153,4114,36
75,149,297,593,1185,2369,4737,1282,2563,5125,2058,4115,38
79,157,313,625,1249,2497,4993,1794,3587,7173,6154,4116,40
83,165,329,657,1313,2625,5249,2306,4611,1030,2059,4117,42
87,173,345,689,1377,2753,5505,2818,5635,3078,6155,4118,44
91,181,361,721,1441,2881,5761,3330,6659,5126,2060,4119,46
95,189,377,753,1505,3009,6017,3842,7683,7174,6156,4120,48
99,197,393,785,1569,3137,6273,4354,516,1031,2061,4121,50
103,205,409,817,1633,3265,6529,4866,1540,3079,6157,4122,52
107,213,425,849,1697,3393,6785,5378,2564,5127,2062,4123,54
111,221,441,881,1761,3521,7041,5890,3588,7175,6158,4124,56
115,229,457,913,1825,3649,7297,6402,4612,1032,2063,4125,58
119,237,473,945,1889,3777,7553,6914,5636,3080,6159,4126,60
123,245,489,977,1953,3905,7809,7426,6660,5128,2064,4127,62
127,253,505,1009,2017,4033,8065,7938,7684,7176,6160,4128,64
131,261,521,1041,2081,4161,130,259,517,1033,2065,4129,66
135,269,537,1073,2145,4289,386,771,1541,3081,6161,4130,68
139,277,553,1105,2209,4417,642,1283,2565,5129,2066,4131,70
143,285,569,1137,2273,4545,898,1795,3589,7177,6162,4132,72
147,293,585,1169,2337,4673,1154,2307,4613,1034,2067,4133,74
151,301,601,1201,2401,4801,1410,2819,5637,3082,6163,4134,76
155,309,617,1233,2465,4929,1666,3331,6661,5130,2068,4135,78
159,317,633,1265,2529,5057,1922,3843,7685,7178,6164,4136,80
163,325,649,1297,2593,5185,2178,4355,518,1035,2069,4137,82
167,333,665,1329,2657,5313,2434,4867,1542,3083,6165,4138,84
171,341,681,1361,2721,5441,2690,5379,2566,5131,2070,4139,86
175,349,697,1393,2785,5569,2946,5891,3590,7179,6166,4140,88
179,357,713,1425,2849,5697,3202,6403,4614,1036,2071,4141,90
183,365,729,1457,2913,5825,3458,6915,5638,3084,6167,4142,92
187,373,745,1489,2977,5953,3714,7427,6662,5132,2072,4143,94
191,381,761,1521,3041,6081,3970,7939,7686,7180,6168,4144,96
195,389,777,1553,3105,6209,4226,260,519,1037,2073,4145,98
199,397,793,1585,3169,6337,4482,772,1543,3085,6169,4146,100
203,405,809,1617,3233,6465,4738,1284,2567,5133,2074,4147,102
207,413,825,1649,3297,6593,4994,1796,3591,7181,6170,4148,104
211,421,841,1681,3361,6721,5250,2308,4615,1038,2075,4149,106
215,429,857,1713,3425,6849,5506,2820,5639,3086,6171,4150,108
219,437,873,1745,3489,6977,5762,3332,6663,5134,2076,4151,110
223,445,889,1777,3553,7105,6018,3844,7687,7182,6172,4152,112
227,453,905,1809,3617,7233,6274,4356,520,1039,2077,4153,114
231,461,921,1841,3681,7361,6530,4868,1544,3087,6173,4154,116
235,469,937,1873,3745,7489,6786,5380,2568,5135,2078,4155,118
239,477,953,1905,3809,7617,7042,5892,3592,7183,6174,4156,120
243,485,969,1937,3873,7745,7298,6404,4616,1040,2079,4157,122
247,493,985,1969,3937,7873,7554,6916,5640,3088,6175,4158,124
251,501,1001,2001,4001,8001,7810,7428,6664,5136,2080,4159,126
255,509,1017,2033,4065,8129,8066,7940,7688,7184,6176,4160,128
263,525,1049,2097,4193,194,387,773,1545,3089,6177,4162,132
267,533,1065,2129,4257,322,643,1285,2569,5137,2082,4163,134
271,541,1081,2161,4321,450,899,1797,3593,7185,6178,4164,136
275,549,1097,2193,4385,578,1155,2309,4617,1042,2083,4165,138
279,557,1113,2225,4449,706,1411,2821,5641,3090,6179,4166,140
283,565,1129,2257,4513,834,1667,3333,6665,5138,2084,4167,142
287,573,1145,2289,4577,962,1923,3845,7689,7186,6180,4168,144
291,581,1161,2321,4641,1090,2179,4357,522,1043,2085,4169,146
295,589,1177,2353,4705,1218,2435,4869,1546,3091,6181,4170,148
299,597,1193,2385,4769,1346,2691,5381,2570,5139,2086,4171,150
303,605,1209,2417,4833,1474,2947,5893,3594,7187,6182,4172,152
307,613,1225,2449,4897,1602,3203,6405,4618,1044,2087,4173,154
311,621,1241,2481,4961,1730,3459,6917,5642,3092,6183,4174,156
315,629,1257,2513,5025,1858,3715,7429,6666,5140,2088,4175,158
319,637,1273,2545,5089,1986,3971,7941,7690,7188,6184,4176,160
323,645,1289,2577,5153,2114,4227,262,523,1045,2089,4177,162
327,653,1305,2609,5217,2242,4483,774,1547,3093,6185,4178,164
331,661,1321,2641,5281,2370,4739,1286,2571,5141,2090,4179,166
335,669,1337,2673,5345,2498,4995,1798,3595,7189,6186,4180,168
339,677,1353,2705,5409,2626,5251,2310,4619,1046,2091,4181,170
343,685,1369,2737,5473,2754,5507,2822,5643,3094,6187,4182,172
347,693,1385,2769,5537,2882,5763,3334,6667,5142,2092,4183,174
351,701,1401,2801,5601,3010,6019,3846,7691,7190,6188,4184,176
355,709,1417,2833,5665,3138,6275,4358,524,1047,2093,4185,178
359,717,1433,2865,5729,3266,6531,4870,1548,3095,6189,4186,180
363,725,1449,2897,5793,3394,6787,5382,2572,5143,2094,4187,182
367,733,1465,2929,5857,3522,7043,5894,3596,7191,6190,4188,184
371,741,1481,2961,5921,3650,7299,6406,4620,1048,2095,4189,186
375,749,1497,2993,5985,3778,7555,6918,5644,3096,6191,4190,188
379,757,1513,3025,6049,3906,7811,7430,6668,5144,2096,4191,190
383,765,1529,3057,6113,4034,8067,7942,7692,7192,6192,4192,192
391,781,1561,3121,6241,4290,388,775,1549,3097,6193,4194,196
395,789,1577,3153,6305,4418,644,1287,2573,5145,2098,4195,198
399,797,1593,3185,6369,4546,900,1799,3597,7193,6194,4196,200
403,805,1609,3217,6433,4674,1156,2311,4621,1050,2099,4197,202
407,813,1625,3249,6497,4802,1412,2823,5645,3098,6195,4198,204
411,821,1641,3281,6561,4930,1668,3335,6669,5146,2100,4199,206
415,829,1657,3313,6625,5058,1924,3847,7693,7194,6196,4200,208
419,837,1673,3345,6689,5186,2180,4359,526,1051,2101,4201,210
423,845,1689,3377,6753,5314,2436,4871,1550,3099,6197,4202,212
427,853,1705,3409,6817,5442,2692,5383,2574,5147,2102,4203,214
431,861,1721,3441,6881,5570,2948,5895,3598,7195,6198,4204,216
435,869,1737,3473,6945,5698,3204,6407,4622,1052,2103,4205,218
439,877,1753,3505,7009,5826,3460,6919,5646,3100,6199,4206,220
443,885,1769,3537,7073,5954,3716,7431,6670,5148,2104,4207,222
447,893,1785,3569,7137,6082,3972,7943,7694,7196,6200,4208,224
451,901,1801,3601,7201,6210,4228,264,527,1053,2105,4209,226
455,909,1817,3633,7265,6338,4484,776,1551,3101,6201,4210,228
459,917,1833,3665,7329,6466,4740,1288,2575,5149,2106,4211,230
463,925,1849,3697,7393,6594,4996,1800,3599,7197,6202,4212,232
467,933,1865,3729,7457,6722,5252,2312,4623,1054,2107,4213,234
471,941,1881,3761,7521,6850,5508,2824,5647,3102,6203,4214,236
475,949,1897,3793,7585,6978,5764,3336,6671,5150,2108,4215,238
479,957,1913,3825,7649,7106,6020,3848,7695,7198,6204,4216,240
483,965,1929,3857,7713,7234,6276,4360,528,1055,2109,4217,242
487,973,1945,3889,7777,7362,6532,4872,1552,3103,6205,4218,244
491,981,1961,3921,7841,7490,6788,5384,2576,5151,2110,4219,246
495,989,1977,3953,7905,7618,7044,5896,3600,7199,6206,4220,248
499,997,1993,3985,7969,7746,7300,6408,4624,1056,2111,4221,250
503,1005,2009,4017,8033,7874,7556,6920,5648,3104,6207,4222,252
507,1013,2025,4049,8097,8002,7812,7432,6672,5152,2112,4223,254
511,1021,2041,4081,8161,8130,8068,7944,7696,7200,6208,4224,256
531,1061,2121,4241,290,579,1157,2313,4625,1058,2115,4229,266
535,1069,2137,4273,354,707,1413,2825,5649,3106,6211,4230,268
539,1077,2153,4305,418,835,1669,3337,6673,5154,2116,4231,270
543,1085,2169,4337,482,963,1925,3849,7697,7202,6212,4232,272
547,1093,2185,4369,546,1091,2181,4361,530,1059,2117,4233,274
551,1101,2201,4401,610,1219,2437,4873,1554,3107,6213,4234,276
555,1109,2217,4433,674,1347,2693,5385,2578,5155,2118,4235,278
559,1117,2233,4465,738,1475,2949,5897,3602,7203,6214,4236,280
563,1125,2249,4497,802,1603,3205,6409,4626,1060,2119,4237,282
567,1133,2265,4529,866,1731,3461,6921,5650,3108,6215,4238,284
571,1141,2281,4561,930,1859,3717,7433,6674,5156,2120,4239,286
575,1149,2297,4593,994,1987,3973,7945,7698,7204,6216,4240,288
583,1165,2329,4657,1122,2243,4485,778,1555,3109,6217,4242,292
587,1173,2345,4689,1186,2371,4741,1290,2579,5157,2122,4243,294
591,1181,2361,4721,1250,2499,4997,1802,3603,7205,6218,4244,296
595,1189,2377,4753,1314,2627,5253,2314,4627,1062,2123,4245,298
599,1197,2393,4785,1378,2755,5509,2826,5651,3110,6219,4246,300
603,1205,2409,4817,1442,2883,5765,3338,6675,5158,2124,4247,302
607,1213,2425,4849,1506,3011,6021,3850,7699,7206,6220,4248,304
611,1221,2441,4881,1570,3139,6277,4362,532,1063,2125,4249,306
615,1229,2457,4913,1634,3267,6533,4874,1556,3111,6221,4250,308
619,1237,2473,4945,1698,3395,6789,5386,2580,5159,2126,4251,310
623,1245,2489,4977,1762,3523,7045,5898,3604,7207,6222,4252,312
627,1253,2505,5009,1826,3651,7301,6410,4628,1064,2127,4253,314
631,1261,2521,5041,1890,3779,7557,6922,5652,3112,6223,4254,316
635,1269,2537,5073,1954,3907,7813,7434,6676,5160,2128,4255,318
639,1277,2553,5105,2018,4035,8069,7946,7700,7208,6224,4256,320
647,1293,2585,5169,2146,4291,390,779,1557,3113,6225,4258,324
651,1301,2601,5201,2210,4419,646,1291,2581,5161,2130,4259,326
655,1309,2617,5233,2274,4547,902,1803,3605,7209,6226,4260,328
659,1317,2633,5265,2338,4675,1158,2315,4629,1066,2131,4261,330
663,1325,2649,5297,2402,4803,1414,2827,5653,3114,6227,4262,332
667,1333,2665,5329,2466,4931,1670,3339,6677,5162,2132,4263,334
671,1341,2681,5361,2530,5059,1926,3851,7701,7210,6228,4264,336
675,1349,2697,5393,2594,5187,2182,4363,534,1067,2133,4265,338
679,1357,2713,5425,2658,5315,2438,4875,1558,3115,6229,4266,340
683,1365,2729,5457,2722,5443,2694,5387,2582,5163,2134,4267,342
687,1373,2745,5489,2786,5571,2950,5899,3606,7211,6230,4268,344
691,1381,2761,5521,2850,5699,3206,6411,4630,1068,2135,4269,346
695,1389,2777,5553,2914,5827,3462,6923,5654,3116,6231,4270,348
699,1397,2793,5585,2978,5955,3718,7435,6678,5164,2136,4271,350
703,1405,2809,5617,3042,6083,3974,7947,7702,7212,6232,4272,352
711,1421,2841,5681,3170,6339,4486,780,1559,3117,6233,4274,356
715,1429,2857,5713,3234,6467,4742,1292,2583,5165,2138,4275,358
719,1437,2873,5745,3298,6595,4998,1804,3607,7213,6234,4276,360
723,1445,2889,5777,3362,6723,5254,2316,4631,1070,2139,4277,362
727,1453,2905,5809,3426,6851,5510,2828,5655,3118,6235,4278,364
731,1461,2921,5841,3490,6979,5766,3340,6679,5166,2140,4279,366
735,1469,2937,5873,3554,7107,6022,3852,7703,7214,6236,4280,368
739,1477,2953,5905,3618,7235,6278,4364,536,1071,2141,4281,370
743,1485,2969,5937,3682,7363,6534,4876,1560,3119,6237,4282,372
747,1493,2985,5969,3746,7491,6790,5388,2584,5167,2142,4283,374
751,1501,3001,6001,3810,7619,7046,5900,3608,7215,6238,4284,376
755,1509,3017,6033,3874,7747,7302,6412,4632,1072,2143,4285,378
759,1517,3033,6065,3938,7875,7558,6924,5656,3120,6239,4286,380
763,1525,3049,6097,4002,8003,7814,7436,6680,5168,2144,4287,382
767,1533,3065,6129,4066,8131,8070,7948,7704,7216,6240,4288,384
783,1565,3129,6257,4322,452,903,1805,3609,7217,6242,4292,392
787,1573,3145,6289,4386,580,1159,2317,4633,1074,2147,4293,394
791,1581,3161,6321,4450,708,1415,2829,5657,3122,6243,4294,396
795,1589,3177,6353,4514,836,1671,3341,6681,5170,2148,4295,398
799,1597,3193,6385,4578,964,1927,3853,7705,7218,6244,4296,400
803,1605,3209,6417,4642,1092,2183,4365,538,1075,2149,4297,402
807,1613,3225,6449,4706,1220,2439,4877,1562,3123,6245,4298,404
811,1621,3241,6481,4770,1348,2695,5389,2586,5171,2150,4299,406
815,1629,3257,6513,4834,1476,2951,5901,3610,7219,6246,4300,408
819,1637,3273,6545,4898,1604,3207,6413,4634,1076,2151,4301,410
823,1645,3289,6577,4962,1732,3463,6925,5658,3124,6247,4302,412
827,1653,3305,6609,5026,1860,3719,7437,6682,5172,2152,4303,414
831,1661,3321,6641,5090,1988,3975,7949,7706,7220,6248,4304,416
839,1677,3353,6705,5218,2244,4487,782,1563,3125,6249,4306,420
843,1685,3369,6737,5282,2372,4743,1294,2587,5173,2154,4307,422
847,1693,3385,6769,5346,2500,4999,1806,3611,7221,6250,4308,424
851,1701,3401,6801,5410,2628,5255,2318,4635,1078,2155,4309,426
855,1709,3417,6833,5474,2756,5511,2830,5659,3126,6251,4310,428
859,1717,3433,6865,5538,2884,5767,3342,6683,5174,2156,4311,430
863,1725,3449,6897,5602,3012,6023,3854,7707,7222,6252,4312,432
867,1733,3465,6929,5666,3140,6279,4366,540,1079,2157,4313,434
871,1741,3481,6961,5730,3268,6535,4878,1564,3127,6253,4314,436
875,1749,3497,6993,5794,3396,6791,5390,2588,5175,2158,4315,438
879,1757,3513,7025,5858,3524,7047,5902,3612,7223,6254,4316,440
883,1765,3529,7057,5922,3652,7303,6414,4636,1080,2159,4317,442
887,1773,3545,7089,5986,3780,7559,6926,5660,3128,6255,4318,444
891,1781,3561,7121,6050,3908,7815,7438,6684,5176,2160,4319,446
895,1789,3577,7153,6114,4036,8071,7950,7708,7224,6256,4320,448
907,1813,3625,7249,6306,4420,648,1295,2589,5177,2162,4323,454
911,1821,3641,7281,6370,4548,904,1807,3613,7225,6258,4324,456
915,1829,3657,7313,6434,4676,1160,2319,4637,1082,2163,4325,458
919,1837,3673,7345,6498,4804,1416,2831,5661,3130,6259,4326,460
923,1845,3689,7377,6562,4932,1672,3343,6685,5178,2164,4327,462
927,1853,3705,7409,6626,5060,1928,3855,7709,7226,6260,4328,464
931,1861,3721,7441,6690,5188,2184,4367,542,1083,2165,4329,466
935,1869,3737,7473,6754,5316,2440,4879,1566,3131,6261,4330,468
939,1877,3753,7505,6818,5444,2696,5391,2590,5179,2166,4331,470
943,1885,3769,7537,6882,5572,2952,5903,3614,7227,6262,4332,472
947,1893,3785,7569,6946,5700,3208,6415,4638,1084,2167,4333,474
951,1901,3801,7601,7010,5828,3464,6927,5662,3132,6263,4334,476
955,1909,3817,7633,7074,5956,3720,7439,6686,5180,2168,4335,478
959,1917,3833,7665,7138,6084,3976,7951,7710,7228,6264,4336,480
967,1933,3865,7729,7266,6340,4488,784,1567,3133,6265,4338,484
971,1941,3881,7761,7330,6468,4744,1296,2591,5181,2170,4339,486
975,1949,3897,7793,7394,6596,5000,1808,3615,7229,6266,4340,488
979,1957,3913,7825,7458,6724,5256,2320,4639,1086,2171,4341,490
983,1965,3929,7857,7522,6852,5512,2832,5663,3134,6267,4342,492
987,1973,3945,7889,7586,6980,5768,3344,6687,5182,2172,4343,494
991,1981,3961,7921,7650,7108,6024,3856,7711,7230,6268,4344,496
995,1989,3977,7953,7714,7236,6280,4368,544,1087,2173,4345,498
999,1997,3993,7985,7778,7364,6536,4880,1568,3135,6269,4346,500
1003,2005,4009,8017,7842,7492,6792,5392,2592,5183,2174,4347,502
1007,2013,4025,8049,7906,7620,7048,5904,3616,7231,6270,4348,504
1011,2021,4041,8081,7970,7748,7304,6416,4640,1088,2175,4349,506
1015,2029,4057,8113,8034,7876,7560,6928,5664,3136,6271,4350,508
1019,2037,4073,8145,8098,8004,7816,7440,6688,5184,2176,4351,510
1023,2045,4089,8177,8162,8132,8072,7952,7712,7232,6272,4352,512
1095,2189,4377,562,1123,2245,4489,786,1571,3141,6281,4370,548
1099,2197,4393,594,1187,2373,4745,1298,2595,5189,2186,4371,550
1103,2205,4409,626,1251,2501,5001,1810,3619,7237,6282,4372,552
1107,2213,4425,658,1315,2629,5257,2322,4643,1094,2187,4373,554
1111,2221,4441,690,1379,2757,5513,2834,5667,3142,6283,4374,556
1115,2229,4457,722,1443,2885,5769,3346,6691,5190,2188,4375,558
1119,2237,4473,754,1507,3013,6025,3858,7715,7238,6284,4376,560
1127,2253,4505,818,1635,3269,6537,4882,1572,3143,6285,4378,564
1131,2261,4521,850,1699,3397,6793,5394,2596,5191,2190,4379,566
1135,2269,4537,882,1763,3525,7049,5906,3620,7239,6286,4380,568
1139,2277,4553,914,1827,3653,7305,6418,4644,1096,2191,4381,570
1143,2285,4569,946,1891,3781,7561,6930,5668,3144,6287,4382,572
1147,2293,4585,978,1955,3909,7817,7442,6692,5192,2192,4383,574
1151,2301,4601,1010,2019,4037,8073,7954,7716,7240,6288,4384,576
1163,2325,4649,1106,2211,4421,650,1299,2597,5193,2194,4387,582
1167,2333,4665,1138,2275,4549,906,1811,3621,7241,6290,4388,584
1171,2341,4681,1170,2339,4677,1162,2323,4645,1098,2195,4389,586
1175,2349,4697,1202,2403,4805,1418,2835,5669,3146,6291,4390,588
1179,2357,4713,1234,2467,4933,1674,3347,6693,5194,2196,4391,590
1183,2365,4729,1266,2531,5061,1930,3859,7717,7242,6292,4392,592
1191,2381,4761,1330,2659,5317,2442,4883,1574,3147,6293,4394,596
1195,2389,4777,1362,2723,5445,2698,5395,2598,5195,2198,4395,598
1199,2397,4793,1394,2787,5573,2954,5907,3622,7243,6294,4396,600
1203,2405,4809,1426,2851,5701,3210,6419,4646,1100,2199,4397,602
1207,2413,4825,1458,2915,5829,3466,6931,5670,3148,6295,4398,604
1211,2421,4841,1490,2979,5957,3722,7443,6694,5196,2200,4399,606
1215,2429,4857,1522,3043,6085,3978,7955,7718,7244,6296,4400,608
1223,2445,4889,1586,3171,6341,4490,788,1575,3149,6297,4402,612
1227,2453,4905,1618,3235,6469,4746,1300,2599,5197,2202,4403,614
1231,2461,4921,1650,3299,6597,5002,1812,3623,7245,6298,4404,616
1235,2469,4937,1682,3363,6725,5258,2324,4647,1102,2203,4405,618
1239,2477,4953,1714,3427,6853,5514,2836,5671,3150,6299,4406,620
1243,2485,4969,1746,3491,6981,5770,3348,6695,5198,2204,4407,622
1247,2493,4985,1778,3555,7109,6026,3860,7719,7246,6300,4408,624
1255,2509,5017,1842,3683,7365,6538,4884,1576,3151,6301,4410,628
1259,2517,5033,1874,3747,7493,6794,5396,2600,5199,2206,4411,630
1263,2525,5049,1906,3811,7621,7050,5908,3624,7247,6302,4412,632
1267,2533,5065,1938,3875,7749,7306,6420,4648,1104,2207,4413,634
1271,2541,5081,1970,3939,7877,7562,6932,5672,3152,6303,4414,636
1275,2549,5097,2002,4003,8005,7818,7444,6696,5200,2208,4415,638
1279,2557,5113,2034,4067,8133,8074,7956,7720,7248,6304,4416,640
1303,2605,5209,2226,4451,710,1419,2837,5673,3154,6307,4422,652
1307,2613,5225,2258,4515,838,1675,3349,6697,5202,2212,4423,654
1311,2621,5241,2290,4579,966,1931,3861,7721,7250,6308,4424,656
1319,2637,5273,2354,4707,1222,2443,4885,1578,3155,6309,4426,660
1323,2645,5289,2386,4771,1350,2699,5397,2602,5203,2214,4427,662
1327,2653,5305,2418,4835,1478,2955,5909,3626,7251,6310,4428,664
1331,2661,5321,2450,4899,1606,3211,6421,4650,1108,2215,4429,666
1335,2669,5337,2482,4963,1734,3467,6933,5674,3156,6311,4430,668
1339,2677,5353,2514,5027,1862,3723,7445,6698,5204,2216,4431,670
1343,2685,5369,2546,5091,1990,3979,7957,7722,7252,6312,4432,672
1351,2701,5401,2610,5219,2246,4491,790,1579,3157,6313,4434,676
1355,2709,5417,2642,5283,2374,4747,1302,2603,5205,2218,4435,678
1359,2717,5433,2674,5347,2502,5003,1814,3627,7253,6314,4436,680
1363,2725,5449,2706,5411,2630,5259,2326,4651,1110,2219,4437,682
1367,2733,5465,2738,5475,2758,5515,2838,5675,3158,6315,4438,684
1371,2741,5481,2770,5539,2886,5771,3350,6699,5206,2220,4439,686
1375,2749,5497,2802,5603,3014,6027,3862,7723,7254,6316,4440,688
1383,2765,5529,2866,5731,3270,6539,4886,1580,3159,6317,4442,692
1387,2773,5545,2898,5795,3398,6795,5398,2604,5207,2222,4443,694
1391,2781,5561,2930,5859,3526,7051,5910,3628,7255,6318,4444,696
1395,2789,5577,2962,5923,3654,7307,6422,4652,1112,2223,4445,698
1399,2797,5593,2994,5987,3782,7563,6934,5676,3160,6319,4446,700
1403,2805,5609,3026,6051,3910,7819,7446,6700,5208,2224,4447,702
1407,2813,5625,3058,6115,4038,8075,7958,7724,7256,6320,4448,704
1423,2845,5689,3186,6371,4550,908,1815,3629,7257,6322,4452,712
1427,2853,5705,3218,6435,4678,1164,2327,4653,1114,2227,4453,714
1431,2861,5721,3250,6499,4806,1420,2839,5677,3162,6323,4454,716
1435,2869,5737,3282,6563,4934,1676,3351,6701,5210,2228,4455,718
1439,2877,5753,3314,6627,5062,1932,3863,7725,7258,6324,4456,720
1447,2893,5785,3378,6755,5318,2444,4887,1582,3163,6325,4458,724
1451,2901,5801,3410,6819,5446,2700,5399,2606,5211,2230,4459,726
1455,2909,5817,3442,6883,5574,2956,5911,3630,7259,6326,4460,728
1459,2917,5833,3474,6947,5702,3212,6423,4654,1116,2231,4461,730
1463,2925,5849,3506,7011,5830,3468,6935,5678,3164,6327,4462,732
1467,2933,5865,3538,7075,5958,3724,7447,6702,5212,2232,4463,734
1471,2941,5881,3570,7139,6086,3980,7959,7726,7260,6328,4464,736
1479,2957,5913,3634,7267,6342,4492,792,1583,3165,6329,4466,740
1483,2965,5929,3666,7331,6470,4748,1304,2607,5213,2234,4467,742
1487,2973,5945,3698,7395,6598,5004,1816,3631,7261,6330,4468,744
1491,2981,5961,3730,7459,6726,5260,2328,4655,1118,2235,4469,746
1495,2989,5977,3762,7523,6854,5516,2840,5679,3166,6331,4470,748
1499,2997,5993,3794,7587,6982,5772,3352,6703,5214,2236,4471,750
1503,3005,6009,3826,7651,7110,6028,3864,7727,7262,6332,4472,752
1511,3021,6041,3890,7779,7366,6540,4888,1584,3167,6333,4474,756
1515,3029,6057,3922,7843,7494,6796,5400,2608,5215,2238,4475,758
1519,3037,6073,3954,7907,7622,7052,5912,3632,7263,6334,4476,760
1523,3045,6089,3986,7971,7750,7308,6424,4656,1120,2239,4477,762
1527,3053,6105,4018,8035,7878,7564,6936,5680,3168,6335,4478,764
1531,3061,6121,4050,8099,8006,7820,7448,6704,5216,2240,4479,766
1535,3069,6137,4082,8163,8134,8076,7960,7728,7264,6336,4480,768
1587,3173,6345,4498,804,1607,3213,6425,4658,1124,2247,4493,794
1591,3181,6361,4530,868,1735,3469,6937,5682,3172,6343,4494,796
1595,3189,6377,4562,932,1863,3725,7449,6706,5220,2248,4495,798
1599,3197,6393,4594,996,1991,3981,7961,7730,7268,6344,4496,800
1611,3221,6441,4690,1188,2375,4749,1306,2611,5221,2250,4499,806
1615,3229,6457,4722,1252,2503,5005,1818,3635,7269,6346,4500,808
1619,3237,6473,4754,1316,2631,5261,2330,4659,1126,2251,4501,810
1623,3245,6489,4786,1380,2759,5517,2842,5683,3174,6347,4502,812
1627,3253,6505,4818,1444,2887,5773,3354,6707,5222,2252,4503,814
1631,3261,6521,4850,1508,3015,6029,3866,7731,7270,6348,4504,816
1639,3277,6553,4914,1636,3271,6541,4890,1588,3175,6349,4506,820
1643,3285,6569,4946,1700,3399,6797,5402,2612,5223,2254,4507,822
1647,3293,6585,4978,1764,3527,7053,5914,3636,7271,6350,4508,824
1651,3301,6601,5010,1828,3655,7309,6426,4660,1128,2255,4509,826
1655,3309,6617,5042,1892,3783,7565,6938,5684,3176,6351,4510,828
1659,3317,6633,5074,1956,3911,7821,7450,6708,5224,2256,4511,830
1663,3325,6649,5106,2020,4039,8077,7962,7732,7272,6352,4512,832
1679,3357,6713,5234,2276,4551,910,1819,3637,7273,6354,4516,840
1683,3365,6729,5266,2340,4679,1166,2331,4661,1130,2259,4517,842
1687,3373,6745,5298,2404,4807,1422,2843,5685,3178,6355,4518,844
1691,3381,6761,5330,2468,4935,1678,3355,6709,5226,2260,4519,846
1695,3389,6777,5362,2532,5063,1934,3867,7733,7274,6356,4520,848
1703,3405,6809,5426,2660,5319,2446,4891,1590,3179,6357,4522,852
1707,3413,6825,5458,2724,5447,2702,5403,2614,5227,2262,4523,854
1711,3421,6841,5490,2788,5575,2958,5915,3638,7275,6358,4524,856
1715,3429,6857,5522,2852,5703,3214,6427,4662,1132,2263,4525,858
1719,3437,6873,5554,2916,5831,3470,6939,5686,3180,6359,4526,860
1723,3445,6889,5586,2980,5959,3726,7451,6710,5228,2264,4527,862
1727,3453,6905,5618,3044,6087,3982,7963,7734,7276,6360,4528,864
1739,3477,6953,5714,3236,6471,4750,1308,2615,5229,2266,4531,870
1743,3485,6969,5746,3300,6599,5006,1820,3639,7277,6362,4532,872
1747,3493,6985,5778,3364,6727,5262,2332,4663,1134,2267,4533,874
1751,3501,7001,5810,3428,6855,5518,2844,5687,3182,6363,4534,876
1755,3509,7017,5842,3492,6983,5774,3356,6711,5230,2268,4535,878
1759,3517,7033,5874,3556,7111,6030,3868,7735,7278,6364,4536,880
1767,3533,7065,5938,3684,7367,6542,4892,1592,3183,6365,4538,884
1771,3541,7081,5970,3748,7495,6798,5404,2616,5231,2270,4539,886
1775,3549,7097,6002,3812,7623,7054,5916,3640,7279,6366,4540,888
1779,3557,7113,6034,3876,7751,7310,6428,4664,1136,2271,4541,890
1783,3565,7129,6066,3940,7879,7566,6940,5688,3184,6367,4542,892
1787,3573,7145,6098,4004,8007,7822,7452,6712,5232,2272,4543,894
1791,3581,7161,6130,4068,8135,8078,7964,7736,7280,6368,4544,896
1823,3645,7289,6386,4580,968,1935,3869,7737,7282,6372,4552,912
1831,3661,7321,6450,4708,1224,2447,4893,1594,3187,6373,4554,916
1835,3669,7337,6482,4772,1352,2703,5405,2618,5235,2278,4555,918
1839,3677,7353,6514,4836,1480,2959,5917,3642,7283,6374,4556,920
1843,3685,7369,6546,4900,1608,3215,6429,4666,1140,2279,4557,922
1847,3693,7385,6578,4964,1736,3471,6941,5690,3188,6375,4558,924
1851,3701,7401,6610,5028,1864,3727,7453,6714,5236,2280,4559,926
1855,3709,7417,6642,5092,1992,3983,7965,7738,7284,6376,4560,928
1867,3733,7465,6738,5284,2376,4751,1310,2619,5237,2282,4563,934
1871,3741,7481,6770,5348,2504,5007,1822,3643,7285,6378,4564,936
1875,3749,7497,6802,5412,2632,5263,2334,4667,1142,2283,4565,938
1879,3757,7513,6834,5476,2760,5519,2846,5691,3190,6379,4566,940
1883,3765,7529,6866,5540,2888,5775,3358,6715,5238,2284,4567,942
1887,3773,7545,6898,5604,3016,6031,3870,7739,7286,6380,4568,944
1895,3789,7577,6962,5732,3272,6543,4894,1596,3191,6381,4570,948
1899,3797,7593,6994,5796,3400,6799,5406,2620,5239,2286,4571,950
1903,3805,7609,7026,5860,3528,7055,5918,3644,7287,6382,4572,952
1907,3813,7625,7058,5924,3656,7311,6430,4668,1144,2287,4573,954
1911,3821,7641,7090,5988,3784,7567,6942,5692,3192,6383,4574,956
1915,3829,7657,7122,6052,3912,7823,7454,6716,5240,2288,4575,958
1919,3837,7673,7154,6116,4040,8079,7966,7740,7288,6384,4576,960
1939,3877,7753,7314,6436,4680,1168,2335,4669,1146,2291,4581,970
1943,3885,7769,7346,6500,4808,1424,2847,5693,3194,6387,4582,972
1947,3893,7785,7378,6564,4936,1680,3359,6717,5242,2292,4583,974
1951,3901,7801,7410,6628,5064,1936,3871,7741,7290,6388,4584,976
1959,3917,7833,7474,6756,5320,2448,4895,1598,3195,6389,4586,980
1963,3925,7849,7506,6820,5448,2704,5407,2622,5243,2294,4587,982
1967,3933,7865,7538,6884,5576,2960,5919,3646,7291,6390,4588,984
1971,3941,7881,7570,6948,5704,3216,6431,4670,1148,2295,4589,986
1975,3949,7897,7602,7012,5832,3472,6943,5694,3196,6391,4590,988
1979,3957,7913,7634,7076,5960,3728,7455,6718,5244,2296,4591,990
1983,3965,7929,7666,7140,6088,3984,7967,7742,7292,6392,4592,992
1995,3989,7977,7762,7332,6472,4752,1312,2623,5245,2298,4595,998
1999,3997,7993,7794,7396,6600,5008,1824,3647,7293,6394,4596,1000
2003,4005,8009,7826,7460,6728,5264,2336,4671,1150,2299,4597,1002
2007,4013,8025,7858,7524,6856,5520,2848,5695,3198,6395,4598,1004
2011,4021,8041,7890,7588,6984,5776,3360,6719,5246,2300,4599,1006
2015,4029,8057,7922,7652,7112,6032,3872,7743,7294,6396,4600,1008
2023,4045,8089,7986,7780,7368,6544,4896,1600,3199,6397,4602,1012
2027,4053,8105,8018,7844,7496,6800,5408,2624,5247,2302,4603,1014
2031,4061,8121,8050,7908,7624,7056,5920,3648,7295,6398,4604,1016
2035,4069,8137,8082,7972,7752,7312,6432,4672,1152,2303,4605,1018
2039,4077,8153,8114,8036,7880,7568,6944,5696,3200,6399,4606,1020
2043,4085,8169,8146,8100,8008,7824,7456,6720,5248,2304,4607,1022
2047,4093,8185,8178,8164,8136,8080,7968,7744,7296,6400,4608,1024
2343,4685,1178,2355,4709,1226,2451,4901,1610,3219,6437,4682,1172
2347,4693,1194,2387,4773,1354,2707,5413,2634,5267,2342,4683,1174
2351,4701,1210,2419,4837,1482,2963,5925,3658,7315,6438,4684,1176
2359,4717,1242,2483,4965,1738,3475,6949,5706,3220,6439,4686,1180
2363,4725,1258,2515,5029,1866,3731,7461,6730,5268,2344,4687,1182
2367,4733,1274,2547,5093,1994,3987,7973,7754,7316,6440,4688,1184
2379,4757,1322,2643,5285,2378,4755,1318,2635,5269,2346,4691,1190
2383,4765,1338,2675,5349,2506,5011,1830,3659,7317,6442,4692,1192
2391,4781,1370,2739,5477,2762,5523,2854,5707,3222,6443,4694,1196
2395,4789,1386,2771,5541,2890,5779,3366,6731,5270,2348,4695,1198
2399,4797,1402,2803,5605,3018,6035,3878,7755,7318,6444,4696,1200
2407,4813,1434,2867,5733,3274,6547,4902,1612,3223,6445,4698,1204
2411,4821,1450,2899,5797,3402,6803,5414,2636,5271,2350,4699,1206
2415,4829,1466,2931,5861,3530,7059,5926,3660,7319,6446,4700,1208
2423,4845,1498,2995,5989,3786,7571,6950,5708,3224,6447,4702,1212
2427,4853,1514,3027,6053,3914,7827,7462,6732,5272,2352,4703,1214
2431,4861,1530,3059,6117,4042,8083,7974,7756,7320,6448,4704,1216
2455,4909,1626,3251,6501,4810,1428,2855,5709,3226,6451,4710,1228
2459,4917,1642,3283,6565,4938,1684,3367,6733,5274,2356,4711,1230
2463,4925,1658,3315,6629,5066,1940,3879,7757,7322,6452,4712,1232
2471,4941,1690,3379,6757,5322,2452,4903,1614,3227,6453,4714,1236
2475,4949,1706,3411,6821,5450,2708,5415,2638,5275,2358,4715,1238
2479,4957,1722,3443,6885,5578,2964,5927,3662,7323,6454,4716,1240
2487,4973,1754,3507,7013,5834,3476,6951,5710,3228,6455,4718,1244
2491,4981,1770,3539,7077,5962,3732,7463,6734,5276,2360,4719,1246
2495,4989,1786,3571,7141,6090,3988,7975,7758,7324,6456,4720,1248
2507,5013,1834,3667,7333,6474,4756,1320,2639,5277,2362,4723,1254
2511,5021,1850,3699,7397,6602,5012,1832,3663,7325,6458,4724,1256
2519,5037,1882,3763,7525,6858,5524,2856,5711,3230,6459,4726,1260
2523,5045,1898,3795,7589,6986,5780,3368,6735,5278,2364,4727,1262
2527,5053,1914,3827,7653,7114,6036,3880,7759,7326,6460,4728,1264
2535,5069,1946,3891,7781,7370,6548,4904,1616,3231,6461,4730,1268
2539,5077,1962,3923,7845,7498,6804,5416,2640,5279,2366,4731,1270
2543,5085,1978,3955,7909,7626,7060,5928,3664,7327,6462,4732,1272
2551,5101,2010,4019,8037,7882,7572,6952,5712,3232,6463,4734,1276
2555,5109,2026,4051,8101,8010,7828,7464,6736,5280,2368,4735,1278
2559,5117,2042,4083,8165,8138,8084,7976,7760,7328,6464,4736,1280
2647,5293,2394,4787,1382,2763,5525,2858,5715,3238,6475,4758,1324
2651,5301,2410,4819,1446,2891,5781,3370,6739,5286,2380,4759,1326
2655,5309,2426,4851,1510,3019,6037,3882,7763,7334,6476,4760,1328
2663,5325,2458,4915,1638,3275,6549,4906,1620,3239,6477,4762,1332
2667,5333,2474,4947,1702,3403,6805,5418,2644,5287,2382,4763,1334
2671,5341,2490,4979,1766,3531,7061,5930,3668,7335,6478,4764,1336
2679,5357,2522,5043,1894,3787,7573,6954,5716,3240,6479,4766,1340
2683,5365,2538,5075,1958,3915,7829,7466,6740,5288,2384,4767,1342
2687,5373,2554,5107,2022,4043,8085,7978,7764,7336,6480,4768,1344
2711,5421,2650,5299,2406,4811,1430,2859,5717,3242,6483,4774,1356
2715,5429,2666,5331,2470,4939,1686,3371,6741,5290,2388,4775,1358
2719,5437,2682,5363,2534,5067,1942,3883,7765,7338,6484,4776,1360
2727,5453,2714,5427,2662,5323,2454,4907,1622,3243,6485,4778,1364
2731,5461,2730,5459,2726,5451,2710,5419,2646,5291,2390,4779,1366
2735,5469,2746,5491,2790,5579,2966,5931,3670,7339,6486,4780,1368
2743,5485,2778,5555,2918,5835,3478,6955,5718,3244,6487,4782,1372
2747,5493,2794,5587,2982,5963,3734,7467,6742,5292,2392,4783,1374
2751,5501,2810,5619,3046,6091,3990,7979,7766,7340,6488,4784,1376
2767,5533,2874,5747,3302,6603,5014,1836,3671,7341,6490,4788,1384
2775,5549,2906,5811,3430,6859,5526,2860,5719,3246,6491,4790,1388
2779,5557,2922,5843,3494,6987,5782,3372,6743,5294,2396,4791,1390
2783,5565,2938,5875,3558,7115,6038,3884,7767,7342,6492,4792,1392
2791,5581,2970,5939,3686,7371,6550,4908,1624,3247,6493,4794,1396
2795,5589,2986,5971,3750,7499,6806,5420,2648,5295,2398,4795,1398
2799,5597,3002,6003,3814,7627,7062,5932,3672,7343,6494,4796,1400
2807,5613,3034,6067,3942,7883,7574,6956,5720,3248,6495,4798,1404
2811,5621,3050,6099,4006,8011,7830,7468,6744,5296,2400,4799,1406
2815,5629,3066,6131,4070,8139,8086,7980,7768,7344,6496,4800,1408
2863,5725,3258,6515,4838,1484,2967,5933,3674,7347,6502,4812,1432
2871,5741,3290,6579,4966,1740,3479,6957,5722,3252,6503,4814,1436
2875,5749,3306,6611,5030,1868,3735,7469,6746,5300,2408,4815,1438
2879,5757,3322,6643,5094,1996,3991,7981,7770,7348,6504,4816,1440
2895,5789,3386,6771,5350,2508,5015,1838,3675,7349,6506,4820,1448
2903,5805,3418,6835,5478,2764,5527,2862,5723,3254,6507,4822,1452
2907,5813,3434,6867,5542,2892,5783,3374,6747,5302,2412,4823,1454
2911,5821,3450,6899,5606,3020,6039,3886,7771,7350,6508,4824,1456
2919,5837,3482,6963,5734,3276,6551,4910,1628,3255,6509,4826,1460
2923,5845,3498,6995,5798,3404,6807,5422,2652,5303,2414,4827,1462
2927,5853,3514,7027,5862,3532,7063,5934,3676,7351,6510,4828,1464
2935,5869,3546,7091,5990,3788,7575,6958,5724,3256,6511,4830,1468
2939,5877,3562,7123,6054,3916,7831,7470,6748,5304,2416,4831,1470
2943,5885,3578,7155,6118,4044,8087,7982,7772,7352,6512,4832,1472
2971,5941,3690,7379,6566,4940,1688,3375,6749,5306,2420,4839,1486
2975,5949,3706,7411,6630,5068,1944,3887,7773,7354,6516,4840,1488
2983,5965,3738,7475,6758,5324,2456,4911,1630,3259,6517,4842,1492
2987,5973,3754,7507,6822,5452,2712,5423,2654,5307,2422,4843,1494
2991,5981,3770,7539,6886,5580,2968,5935,3678,7355,6518,4844,1496
2999,5997,3802,7603,7014,5836,3480,6959,5726,3260,6519,4846,1500
3003,6005,3818,7635,7078,5964,3736,7471,6750,5308,2424,4847,1502
3007,6013,3834,7667,7142,6092,3992,7983,7774,7356,6520,4848,1504
3023,6045,3898,7795,7398,6604,5016,1840,3679,7357,6522,4852,1512
3031,6061,3930,7859,7526,6860,5528,2864,5727,3262,6523,4854,1516
3035,6069,3946,7891,7590,6988,5784,3376,6751,5310,2428,4855,1518
3039,6077,3962,7923,7654,7116,6040,3888,7775,7358,6524,4856,1520
3047,6093,3994,7987,7782,7372,6552,4912,1632,3263,6525,4858,1524
3051,6101,4010,8019,7846,7500,6808,5424,2656,5311,2430,4859,1526
3055,6109,4026,8051,7910,7628,7064,5936,3680,7359,6526,4860,1528
3063,6125,4058,8115,8038,7884,7576,6960,5728,3264,6527,4862,1532
3067,6133,4074,8147,8102,8012,7832,7472,6752,5312,2432,4863,1534
3071,6141,4090,8179,8166,8140,8088,7984,7776,7360,6528,4864,1536
3279,6557,4922,1652,3303,6605,5018,1844,3687,7373,6554,4916,1640
3287,6573,4954,1716,3431,6861,5530,2868,5735,3278,6555,4918,1644
3291,6581,4970,1748,3495,6989,5786,3380,6759,5326,2460,4919,1646
3295,6589,4986,1780,3559,7117,6042,3892,7783,7374,6556,4920,1648
3307,6613,5034,1876,3751,7501,6810,5428,2664,5327,2462,4923,1654
3311,6621,5050,1908,3815,7629,7066,5940,3688,7375,6558,4924,1656
3319,6637,5082,1972,3943,7885,7578,6964,5736,3280,6559,4926,1660
3323,6645,5098,2004,4007,8013,7834,7476,6760,5328,2464,4927,1662
3327,6653,5114,2036,4071,8141,8090,7988,7784,7376,6560,4928,1664
3383,6765,5338,2484,4967,1742,3483,6965,5738,3284,6567,4942,1692
3387,6773,5354,2516,5031,1870,3739,7477,6762,5332,2472,4943,1694
3391,6781,5370,2548,5095,1998,3995,7989,7786,7380,6568,4944,1696
3407,6813,5434,2676,5351,2510,5019,1846,3691,7381,6570,4948,1704
3415,6829,5466,2740,5479,2766,5531,2870,5739,3286,6571,4950,1708
3419,6837,5482,2772,5543,2894,5787,3382,6763,5334,2476,4951,1710
3423,6845,5498,2804,5607,3022,6043,3894,7787,7382,6572,4952,1712
3435,6869,5546,2900,5799,3406,6811,5430,2668,5335,2478,4955,1718
3439,6877,5562,2932,5863,3534,7067,5942,3692,7383,6574,4956,1720
3447,6893,5594,2996,5991,3790,7579,6966,5740,3288,6575,4958,1724
3451,6901,5610,3028,6055,3918,7835,7478,6764,5336,2480,4959,1726
3455,6909,5626,3060,6119,4046,8091,7990,7788,7384,6576,4960,1728
3487,6973,5754,3316,6631,5070,1948,3895,7789,7386,6580,4968,1744
3499,6997,5802,3412,6823,5454,2716,5431,2670,5339,2486,4971,1750
3503,7005,5818,3444,6887,5582,2972,5943,3694,7387,6582,4972,1752
3511,7021,5850,3508,7015,5838,3484,6967,5742,3292,6583,4974,1756
3515,7029,5866,3540,7079,5966,3740,7479,6766,5340,2488,4975,1758
3519,7037,5882,3572,7143,6094,3996,7991,7790,7388,6584,4976,1760
3535,7069,5946,3700,7399,6606,5020,1848,3695,7389,6586,4980,1768
3543,7085,5978,3764,7527,6862,5532,2872,5743,3294,6587,4982,1772
3547,7093,5994,3796,7591,6990,5788,3384,6767,5342,2492,4983,1774
3551,7101,6010,3828,7655,7118,6044,3896,7791,7390,6588,4984,1776
3563,7125,6058,3924,7847,7502,6812,5432,2672,5343,2494,4987,1782
3567,7133,6074,3956,7911,7630,7068,5944,3696,7391,6590,4988,1784
3575,7149,6106,4020,8039,7886,7580,6968,5744,3296,6591,4990,1788
3579,7157,6122,4052,8103,8014,7836,7480,6768,5344,2496,4991,1790
3583,7165,6138,4084,8167,8142,8092,7992,7792,7392,6592,4992,1792
3703,7405,6618,5044,1896,3791,7581,6970,5748,3304,6607,5022,1852
3707,7413,6634,5076,1960,3919,7837,7482,6772,5352,2512,5023,1854
3711,7421,6650,5108,2024,4047,8093,7994,7796,7400,6608,5024,1856
3743,7485,6778,5364,2536,5071,1950,3899,7797,7402,6612,5032,1872
3755,7509,6826,5460,2728,5455,2718,5435,2678,5355,2518,5035,1878
3759,7517,6842,5492,2792,5583,2974,5947,3702,7403,6614,5036,1880
3767,7533,6874,5556,2920,5839,3486,6971,5750,3308,6615,5038,1884
3771,7541,6890,5588,2984,5967,3742,7483,6774,5356,2520,5039,1886
3775,7549,6906,5620,3048,6095,3998,7995,7798,7404,6616,5040,1888
3799,7597,7002,5812,3432,6863,5534,2876,5751,3310,6619,5046,1900
3803,7605,7018,5844,3496,6991,5790,3388,6775,5358,2524,5047,1902
3807,7613,7034,5876,3560,7119,6046,3900,7799,7406,6620,5048,1904
3819,7637,7082,5972,3752,7503,6814,5436,2680,5359,2526,5051,1910
3823,7645,7098,6004,3816,7631,7070,5948,3704,7407,6622,5052,1912
3831,7661,7130,6068,3944,7887,7582,6972,5752,3312,6623,5054,1916
3835,7669,7146,6100,4008,8015,7838,7484,6776,5360,2528,5055,1918
3839,7677,7162,6132,4072,8143,8094,7996,7800,7408,6624,5056,1920
3903,7805,7418,6644,5096,2000,3999,7997,7802,7412,6632,5072,1952
3927,7853,7514,6836,5480,2768,5535,2878,5755,3318,6635,5078,1964
3931,7861,7530,6868,5544,2896,5791,3390,6779,5366,2540,5079,1966
3935,7869,7546,6900,5608,3024,6047,3902,7803,7414,6636,5080,1968
3947,7893,7594,6996,5800,3408,6815,5438,2684,5367,2542,5083,1974
3951,7901,7610,7028,5864,3536,7071,5950,3708,7415,6638,5084,1976
3959,7917,7642,7092,5992,3792,7583,6974,5756,3320,6639,5086,1980
3963,7925,7658,7124,6056,3920,7839,7486,6780,5368,2544,5087,1982
3967,7933,7674,7156,6120,4048,8095,7998,7804,7416,6640,5088,1984
4011,8021,7850,7508,6824,5456,2720,5439,2686,5371,2550,5099,2006
4015,8029,7866,7540,6888,5584,2976,5951,3710,7419,6646,5100,2008
4023,8045,7898,7604,7016,5840,3488,6975,5758,3324,6647,5102,2012
4027,8053,7914,7636,7080,5968,3744,7487,6782,5372,2552,5103,2014
4031,8061,7930,7668,7144,6096,4000,7999,7806,7420,6648,5104,2016
4055,8109,8026,7860,7528,6864,5536,2880,5759,3326,6651,5110,2028
4059,8117,8042,7892,7592,6992,5792,3392,6783,5374,2556,5111,2030
4063,8125,8058,7924,7656,7120,6048,3904,7807,7422,6652,5112,2032
4075,8149,8106,8020,7848,7504,6816,5440,2688,5375,2558,5115,2038
4079,8157,8122,8052,7912,7632,7072,5952,3712,7423,6654,5116,2040
4087,8173,8154,8116,8040,7888,7584,6976,5760,3328,6655,5118,2044
4091,8181,8170,8148,8104,8016,7840,7488,6784,5376,2560,5119,2046
4095,8189,8186,8180,8168,8144,8096,8000,7808,7424,6656,5120,2048
5463,2734,5467,2742,5483,2774,5547,2902,5803,3414,6827,5462,2732
5471,2750,5499,2806,5611,3030,6059,3926,7851,7510,6828,5464,2736
5487,2782,5563,2934,5867,3542,7083,5974,3756,7511,6830,5468,2744
5495,2798,5595,2998,5995,3798,7595,6998,5804,3416,6831,5470,2748
5503,2814,5627,3062,6123,4054,8107,8022,7852,7512,6832,5472,2752
5551,2910,5819,3446,6891,5590,2988,5975,3758,7515,6838,5484,2776
5559,2926,5851,3510,7019,5846,3500,6999,5806,3420,6839,5486,2780
5567,2942,5883,3574,7147,6102,4012,8023,7854,7516,6840,5488,2784
5591,2990,5979,3766,7531,6870,5548,2904,5807,3422,6843,5494,2796
5599,3006,6011,3830,7659,7126,6060,3928,7855,7518,6844,5496,2800
5615,3038,6075,3958,7915,7638,7084,5976,3760,7519,6846,5500,2808
5623,3054,6107,4022,8043,7894,7596,7000,5808,3424,6847,5502,2812
5631,3070,6139,4086,8171,8150,8108,8024,7856,7520,6848,5504,2816
5815,3438,6875,5558,2924,5847,3502,7003,5814,3436,6871,5550,2908
5823,3454,6907,5622,3052,6103,4014,8027,7862,7532,6872,5552,2912
5855,3518,7035,5878,3564,7127,6062,3932,7863,7534,6876,5560,2928
5871,3550,7099,6006,3820,7639,7086,5980,3768,7535,6878,5564,2936
5879,3566,7131,6070,3948,7895,7598,7004,5816,3440,6879,5566,2940
5887,3582,7163,6134,4076,8151,8110,8028,7864,7536,6880,5568,2944
5983,3774,7547,6902,5612,3032,6063,3934,7867,7542,6892,5592,2992
5999,3806,7611,7030,5868,3544,7087,5982,3772,7543,6894,5596,3000
6007,3822,7643,7094,5996,3800,7599,7006,5820,3448,6895,5598,3004
6015,3838,7675,7158,6124,4056,8111,8030,7868,7544,6896,5600,3008
6071,3950,7899,7606,7020,5848,3504,7007,5822,3452,6903,5614,3036
6079,3966,7931,7670,7148,6104,4016,8031,7870,7548,6904,5616,3040
6111,4030,8059,7926,7660,7128,6064,3936,7871,7550,6908,5624,3056
6127,4062,8123,8054,7916,7640,7088,5984,3776,7551,6910,5628,3064
6135,4078,8155,8118,8044,7896,7600,7008,5824,3456,6911,5630,3068
6143,4094,8187,8182,8172,8152,8112,8032,7872,7552,6912,5632,3072
7023,5854,3516,7031,5870,3548,7095,5998,3804,7607,7022,5852,3512
7039,5886,3580,7159,6126,4060,8119,8046,7900,7608,7024,5856,3520
7103,6014,3836,7671,7150,6108,4024,8047,7902,7612,7032,5872,3552
7135,6078,3964,7927,7662,7132,6072,3952,7903,7614,7036,5880,3568
7151,6110,4028,8055,7918,7644,7096,6000,3808,7615,7038,5884,3576
7167,6142,4092,8183,8174,8156,8120,8048,7904,7616,7040,5888,3584
7647,7102,6012,3832,7663,7134,6076,3960,7919,7646,7100,6008,3824
7679,7166,6140,4088,8175,8158,8124,8056,7920,7648,7104,6016,3840
7935,7678,7164,6136,4080,8159,8126,8060,7928,7664,7136,6080,3968
8063,7934,7676,7160,6128,4064,8127,8062,7932,7672,7152,6112,4032
8191,8190,8188,8184,8176,8160,8128,8064,7936,7680,7168,6144,4096
8192
